Time	Position X	Position Y	Position Z	Rotation[0]	Rotation[1]	Rotation[2]	Rotation[3]	Rotation[4]	Rotation[5]	Rotation[6]	Rotation[7]	Rotation[8]
0.1	-0.02886831	-0.00798783	0.30886509	1	0	0	0	1	0	0	0	1
0.2	-0.02886667	-0.0079916	0.3088794	1	2.00E-05	2.00E-05	-2.00E-05	1	0.00014	-2.00E-05	-0.00014	1
0.3	-0.02887446	-0.0079892	0.30885392	1	2.00E-05	0.0001	-2.00E-05	1	2.00E-05	-0.0001	-2.00E-05	1
0.4	-0.02900103	-0.00791991	0.30887746	1	-0.00013	9.00E-05	0.00013	1	0.00013	-9.00E-05	-0.00013	1
0.5	-0.02901605	-0.00792988	0.30886521	1	-0.00011	0.00012	0.00011	1	8.00E-05	-0.00012	-8.00E-05	1
0.6	-0.02902211	-0.00792681	0.30885914	1	-0.00011	0.00012	0.00011	1	0.0002	-0.00012	-0.0002	1
0.7	-0.02886284	-0.00802518	0.30875011	1	-0.00014	0.00031	0.00014	1	0.0002	-0.00031	-0.0002	1
0.8	-0.02911371	-0.00776188	0.30876265	1	-0.0001	0.00019	0.0001	1	0.00032	-0.00019	-0.00032	1
0.9	-0.02911284	-0.00775498	0.30878396	1	2.00E-05	0.00024	-2.00E-05	1	0.00023	-0.00024	-0.00023	1
1	-0.02914009	-0.00772303	0.30878209	1	-7.00E-05	0.00036	7.00E-05	1	0.00023	-0.00036	-0.00023	1
1.1	-0.02921106	-0.00779331	0.30871802	1	-0.00023	-7.00E-05	0.00023	1	0.00034	7.00E-05	-0.00034	1
1.2	-0.02919412	-0.00778663	0.30874632	1	-0.0002	8.00E-05	0.0002	1	0.0002	-8.00E-05	-0.0002	1
1.3	-0.02922534	-0.00778918	0.30873788	1	-0.00014	1.00E-05	0.00014	1	0.0002	-1.00E-05	-0.0002	1
1.4	-0.02921347	-0.00781375	0.30873145	1	-0.00014	3.00E-05	0.00014	1	0.00023	-3.00E-05	-0.00023	1
1.5	-0.02920099	-0.00778803	0.30873353	1	-0.00022	2.00E-05	0.00022	1	0.00027	-2.00E-05	-0.00027	1
1.6	-0.02923778	-0.00778749	0.3087032	1	-2.00E-05	-8.00E-05	2.00E-05	1	0.00014	8.00E-05	-0.00014	1
1.7	-0.02922889	-0.00778969	0.308719	1	-0.00014	4.00E-05	0.00014	1	0.0002	-4.00E-05	-0.0002	1
1.8	-0.02923524	-0.00779683	0.30872828	1	-0.00026	6.00E-05	0.00026	1	0.00016	-6.00E-05	-0.00016	1
1.9	-0.02921844	-0.00778419	0.30873119	1	-0.00028	-5.00E-05	0.00028	1	0.00018	5.00E-05	-0.00018	1
2	-0.02922042	-0.00779921	0.30867233	1	-0.00024	-0.00024	0.00024	1	0.0003	0.00024	-0.0003	1
2.1	-0.02924527	-0.00779916	0.30871976	1	-0.00022	2.00E-05	0.00022	1	0.00032	-2.00E-05	-0.00032	1
2.2	-0.02924981	-0.00779806	0.30867728	1	-0.00017	7.00E-05	0.00017	1	0.00026	-7.00E-05	-0.00026	1
2.3	-0.02919192	-0.00780604	0.30867164	1	-0.00021	-3.00E-05	0.00021	1	0.00022	3.00E-05	-0.00022	1
2.4	-0.02923243	-0.00777297	0.30869889	1	-0.0002	4.00E-05	0.0002	1	0.00012	-4.00E-05	-0.00012	1
2.5	-0.0292445	-0.00778699	0.30869905	1	-0.00026	7.00E-05	0.00026	1	0.00014	-7.00E-05	-0.00014	1
2.6	-0.02924486	-0.00778668	0.30868389	1	-0.0002	6.00E-05	0.0002	1	0.0003	-6.00E-05	-0.0003	1
2.7	-0.0292061	-0.00778638	0.3086637	1	-0.00022	-2.00E-05	0.00022	1	0.00019	2.00E-05	-0.00019	1
2.8	-0.02921489	-0.00779516	0.3087063	1	-0.00019	4.00E-05	0.00019	1	0.00018	-4.00E-05	-0.00018	1
2.9	-0.02922386	-0.00781078	0.30870817	1	-0.00022	4.00E-05	0.00022	1	0.0001	-4.00E-05	-0.0001	1
3	-0.02918642	-0.00781339	0.30870689	1	-0.00022	-3.00E-05	0.00022	1	0.00022	3.00E-05	-0.00022	1
3.1	-0.02919472	-0.00781212	0.3087131	1	-0.00018	0	0.00018	1	7.00E-05	0	-7.00E-05	1
3.2	-0.02925097	-0.00779397	0.30870037	1	-0.00013	-1.00E-05	0.00013	1	3.00E-05	1.00E-05	-3.00E-05	1
3.3	-0.02923629	-0.00778259	0.30871069	1	-5.00E-05	-4.00E-05	5.00E-05	1	0.00015	4.00E-05	-0.00015	1
3.4	-0.02922831	-0.00781566	0.30875513	1	-0.00012	-0.0004	0.00012	1	0.00028	0.0004	-0.00028	1
3.5	-0.02932125	-0.00779296	0.30870164	1	5.00E-05	-0.00012	-5.00E-05	1	-4.00E-05	0.00012	4.00E-05	1
3.6	-0.02934114	-0.00784088	0.30872664	1	7.00E-05	0.00025	-7.00E-05	1	-0.00032	-0.00025	0.00032	1
3.7	-0.02935303	-0.0078679	0.30880631	1	0.00017	-0.00015	-0.00017	1	-0.00045	0.00015	0.00045	1
3.8	-0.02936	-0.00786045	0.30881566	1	0.00018	-0.0001	-0.00018	1	-0.00042	0.0001	0.00042	1
3.9	-0.02935182	-0.00792559	0.30880522	1	0.00032	-0.00016	-0.00032	1	-0.00043	0.00016	0.00043	1
4	-0.02939182	-0.00777311	0.30882991	1	0.00062	-0.00026	-0.00062	1	-0.00084	0.00026	0.00084	1
4.1	-0.02930409	-0.00796322	0.30882359	1	0.00048	-0.00028	-0.00048	1	-0.00012	0.00028	0.00012	1
4.2	-0.02933162	-0.00788371	0.30880469	1	0.00062	-0.00026	-0.00062	1	-0.00043	0.00026	0.00043	1
4.3	-0.02954881	-0.00810401	0.30892187	1	0.00105	-3.00E-05	-0.00105	1	0.00024	3.00E-05	-0.00024	1
4.4	-0.02999666	-0.00781654	0.30913119	1	0.00126	0.00062	-0.00126	1	-0.00078	-0.00062	0.00078	1
4.5	-0.03159044	-0.00725369	0.30979572	0.99997	0.0078	0.00088	-0.0078	0.99997	-0.00127	-0.00089	0.00126	1
4.6	-0.03494703	-0.0065714	0.31091303	0.99969	0.02496	0.00196	-0.02496	0.99969	0.00043	-0.00195	-0.00048	1
4.7	-0.04010336	-0.00801704	0.31455105	0.99956	0.02975	0.00187	-0.02979	0.99935	0.02023	-0.00127	-0.02027	0.99979
4.8	-0.04628495	-0.00873036	0.32364489	0.99974	0.02073	0.00929	-0.02097	0.99941	0.02704	-0.00873	-0.02723	0.99959
4.9	-0.04747656	-0.00730596	0.33839009	0.9997	0.02406	0.00398	-0.02411	0.99964	0.01206	-0.00369	-0.01216	0.99992
5	-0.04722976	-0.0061193	0.35893912	0.99943	0.03365	0.00332	-0.03364	0.99943	-0.00108	-0.00336	0.00096	0.99999
5.1	-0.04911267	-0.00642845	0.3842607	0.99916	0.03815	0.0152	-0.03821	0.99926	0.00371	-0.01505	-0.00429	0.99988
5.2	-0.05191972	-0.00583458	0.4141705	0.99897	0.04131	0.01862	-0.04136	0.99914	0.00222	-0.01851	-0.00298	0.99982
5.3	-0.0531654	-0.00359647	0.44723272	0.99886	0.04677	0.0091	-0.04674	0.9989	-0.00334	-0.00925	0.00291	0.99995
5.4	-0.05676802	-0.00337077	0.48112434	0.99893	0.04392	0.01458	-0.04403	0.99901	0.00706	-0.01425	-0.0077	0.99987
5.5	-0.0607574	-0.00297806	0.51651824	0.99951	0.02892	0.01207	-0.02915	0.99938	0.01963	-0.01149	-0.01997	0.99973
5.6	-0.0610187	0.00045587	0.55053844	0.99979	0.01801	-0.00933	-0.01795	0.99982	0.00614	0.00944	-0.00597	0.99994
5.7	-0.06120136	0.00344052	0.58136246	0.99966	-0.00501	-0.02552	0.00493	0.99998	-0.00356	0.02554	0.00344	0.99967
5.8	-0.06606626	0.00769951	0.61102666	0.9993	-0.02969	-0.02291	0.02929	0.99941	-0.018	0.02343	0.01731	0.99958
5.9	-0.07366306	0.01346668	0.64249208	0.99848	-0.05303	-0.01494	0.05245	0.99793	-0.03728	0.01689	0.03644	0.99919
6	-0.08026376	0.01793973	0.67598899	0.998	-0.06119	-0.01561	0.06041	0.99709	-0.04643	0.0184	0.04539	0.9988
6.1	-0.08591158	0.01855319	0.70958582	0.9989	-0.03953	-0.02519	0.03872	0.99874	-0.03176	0.02641	0.03075	0.99918
6.2	-0.09366734	0.01695675	0.74342045	0.99954	-0.01415	-0.02688	0.01411	0.9999	-0.00191	0.02691	0.00153	0.99964
6.3	-0.10123024	0.01616833	0.77877621	0.99948	-0.00442	-0.03205	0.00504	0.9998	0.01938	0.03196	-0.01953	0.9993
6.4	-0.10746018	0.01773277	0.81402754	0.99893	-0.01882	-0.04225	0.0199	0.99948	0.0253	0.04175	-0.02612	0.99879
6.5	-0.11642782	0.02072603	0.84874677	0.99663	-0.07023	-0.04246	0.07144	0.99706	0.02772	0.04038	-0.03066	0.99871
6.6	-0.1265583	0.02804143	0.88249584	0.99107	-0.12663	-0.04168	0.12686	0.99192	0.00294	0.04097	-0.00821	0.99913
6.7	-0.13651333	0.03808092	0.9117626	0.98379	-0.17573	-0.03573	0.17463	0.98412	-0.03196	0.04078	0.0252	0.99885
6.8	-0.14955997	0.04532459	0.93549861	0.97774	-0.20928	-0.01516	0.20846	0.97706	-0.04366	0.02395	0.03953	0.99893
6.9	-0.16320436	0.04841224	0.9556689	0.97401	-0.22652	-0.00138	0.22639	0.97363	-0.0283	0.00776	0.02726	0.9996
7	-0.17496738	0.04964692	0.97453643	0.97359	-0.22829	-0.00192	0.22829	0.97359	-0.00374	0.00272	0.0032	0.99999
7.1	-0.18540693	0.05293389	0.9957007	0.97253	-0.23275	-0.00221	0.23276	0.97241	0.01583	-0.00153	-0.01591	0.99987
7.2	-0.19418305	0.05913954	1.02047002	0.96388	-0.26635	-0.00123	0.26632	0.96369	0.01944	-0.00399	-0.01907	0.99981
7.3	-0.20271853	0.06524448	1.04730908	0.94155	-0.33688	0.00111	0.33668	0.94109	0.03147	-0.01164	-0.02926	0.9995
7.4	-0.21521149	0.06956838	1.07011849	0.91546	-0.40198	0.01828	0.40009	0.91413	0.06551	-0.04304	-0.05266	0.99768
7.5	-0.22567609	0.07097457	1.08866538	0.90984	-0.41441	0.02132	0.41005	0.90577	0.10693	-0.06362	-0.08854	0.99404
7.6	-0.23289106	0.07153995	1.10990727	0.91364	-0.40542	0.02979	0.39712	0.90579	0.14776	-0.08689	-0.12317	0.98858
7.7	-0.23677349	0.07646818	1.13796306	0.91415	-0.40265	0.04682	0.39002	0.90514	0.16913	-0.11048	-0.13635	0.98448
7.8	-0.23516596	0.08575104	1.17455979	0.90733	-0.41513	0.06645	0.39855	0.89964	0.17834	-0.13381	-0.13533	0.98172
7.9	-0.22782407	0.09836247	1.21775457	0.90439	-0.41972	0.0769	0.4031	0.89947	0.1687	-0.13998	-0.12157	0.98266
8	-0.2196818	0.10931487	1.26284687	0.90183	-0.42693	0.06661	0.41196	0.89603	0.16557	-0.13037	-0.12187	0.98395
8.1	-0.21133356	0.12105892	1.30628232	0.88961	-0.4537	0.05239	0.44239	0.88452	0.148	-0.11349	-0.10849	0.9876
8.2	-0.20722965	0.13272363	1.34578153	0.86959	-0.49195	0.04242	0.48386	0.8661	0.12548	-0.09847	-0.08859	0.99119
8.3	-0.21178086	0.14041093	1.38161142	0.85388	-0.51713	0.05894	0.50804	0.85272	0.12153	-0.1131	-0.07383	0.99084
8.4	-0.22337358	0.13996102	1.41163397	0.85272	-0.51606	0.08096	0.50308	0.85304	0.13866	-0.14062	-0.07751	0.98702
8.5	-0.23658972	0.13241021	1.43657122	0.8516	-0.5142	0.10182	0.49322	0.85181	0.17652	-0.1775	-0.1001	0.97902
8.6	-0.24501074	0.1236359	1.46189571	0.84979	-0.51721	0.10173	0.49619	0.85002	0.17682	-0.17792	-0.09978	0.97897
8.7	-0.24891045	0.11600515	1.48550146	0.83844	-0.53645	0.09614	0.5174	0.83892	0.16887	-0.17124	-0.09185	0.98094
8.8	-0.24708741	0.10860567	1.50201434	0.84013	-0.5354	0.08681	0.52045	0.84081	0.14888	-0.1527	-0.0799	0.98504
8.9	-0.24682478	0.10339183	1.50667011	0.82775	-0.5542	0.08768	0.54117	0.82983	0.1361	-0.14818	-0.06521	0.98681
9	-0.24818062	0.10343122	1.50406106	0.80633	-0.58381	0.09489	0.57362	0.81098	0.1152	-0.14421	-0.03846	0.9888
9.1	-0.24985505	0.10639887	1.49969821	0.79533	-0.59625	0.10925	0.58483	0.80217	0.12044	-0.15945	-0.0319	0.98669
9.2	-0.24700004	0.10905194	1.49427304	0.80396	-0.5826	0.11927	0.56616	0.81122	0.14626	-0.18197	-0.05006	0.98203
9.3	-0.23463484	0.1145478	1.49429189	0.8193	-0.56568	0.09359	0.54976	0.82139	0.15195	-0.16283	-0.07305	0.98395
9.4	-0.21790631	0.12623572	1.49958362	0.81994	-0.56723	0.07711	0.55601	0.82119	0.12847	-0.1362	-0.06247	0.98871
9.5	-0.2029549	0.13671376	1.50206337	0.81307	-0.57883	0.06221	0.5701	0.81331	0.11628	-0.1179	-0.05907	0.99127
9.6	-0.19155133	0.14504498	1.50064131	0.82594	-0.56008	0.06436	0.55116	0.8262	0.11668	-0.11852	-0.0609	0.99108
9.7	-0.17925914	0.15313227	1.4973313	0.84812	-0.52464	0.07376	0.51405	0.84859	0.12507	-0.12821	-0.06816	0.9894
9.8	-0.16221524	0.16376357	1.49174728	0.87103	-0.48496	0.07822	0.4754	0.87231	0.11434	-0.12368	-0.06241	0.99036
9.9	-0.13878517	0.17787144	1.47831555	0.88875	-0.45186	0.07713	0.44527	0.89097	0.08891	-0.1089	-0.04468	0.99305
10	-0.11324074	0.19511997	1.46643084	0.90404	-0.42108	0.07356	0.41777	0.9068	0.05645	-0.09047	-0.0203	0.99569
10.1	-0.09166742	0.21735684	1.46469091	0.92895	-0.36303	0.07249	0.36287	0.9317	0.01582	-0.07329	0.01161	0.99724
10.2	-0.07745699	0.23970413	1.47089486	0.95367	-0.29074	0.07736	0.2925	0.95619	-0.01222	-0.07042	0.03428	0.99693
10.3	-0.06949129	0.26195342	1.48277732	0.96834	-0.23791	0.07565	0.23919	0.97094	-0.00823	-0.0715	0.02606	0.9971
10.4	-0.064504	0.29037672	1.49843698	0.98103	-0.18294	0.06414	0.18357	0.983	-0.00396	-0.06232	0.01566	0.99793
10.5	-0.06233181	0.32327636	1.51104179	0.98931	-0.13347	0.05868	0.13319	0.99105	0.00874	-0.05932	-0.00083	0.99824
10.6	-0.06236926	0.36024725	1.52364193	0.99221	-0.10876	0.06077	0.10708	0.99379	0.03014	-0.06367	-0.02339	0.9977
10.7	-0.06134774	0.4025387	1.53726639	0.99582	-0.06583	0.06335	0.06339	0.99719	0.03984	-0.0658	-0.03566	0.9972
10.8	-0.05465223	0.44701201	1.5479116	0.99779	-0.03679	0.0553	0.0347	0.99866	0.03828	-0.05663	-0.03628	0.99774
10.9	-0.04609152	0.48753424	1.55954073	0.99852	-0.0257	0.04802	0.02327	0.99845	0.05057	-0.04925	-0.04938	0.99757
11	-0.03793998	0.52658126	1.573126	0.99879	0.00072	0.04917	-0.00357	0.99831	0.05797	-0.04904	-0.05807	0.99711
11.1	-0.02800415	0.56535825	1.58481946	0.9981	0.03796	0.04854	-0.04117	0.99692	0.06681	-0.04585	-0.06869	0.99658
11.2	-0.01777404	0.60416326	1.5965607	0.99508	0.0853	0.05048	-0.0888	0.99347	0.07167	-0.04404	-0.0758	0.99615
11.3	-0.01205572	0.64489685	1.61100477	0.9916	0.11425	0.06063	-0.11845	0.99043	0.07088	-0.05195	-0.07747	0.99564
11.4	-0.0113975	0.69039782	1.62241552	0.98731	0.14174	0.07161	-0.14585	0.98773	0.0558	-0.06282	-0.06554	0.99587
11.5	-0.01011952	0.738335	1.61488037	0.98484	0.15717	0.07339	-0.1609	0.9858	0.0481	-0.06479	-0.05918	0.99614
11.6	-0.00996763	0.78433196	1.58662095	0.98371	0.16925	0.06059	-0.17354	0.982	0.07458	-0.04688	-0.08388	0.99537
11.7	-0.01560157	0.8370548	1.5463635	0.98282	0.17704	0.05223	-0.18153	0.97831	0.09979	-0.03343	-0.10756	0.99364
11.8	-0.02822802	0.89825889	1.50252057	0.98604	0.15981	0.04676	-0.1641	0.98026	0.11029	-0.02821	-0.11642	0.9928
11.9	-0.04380886	0.95852057	1.46142753	0.98671	0.1553	0.04786	-0.16009	0.97953	0.12203	-0.02793	-0.12807	0.99137
12	-0.05668542	1.01745879	1.42452996	0.98626	0.15738	0.0502	-0.16257	0.97862	0.12599	-0.0293	-0.13242	0.99076
12.1	-0.06735343	1.08174663	1.39461485	0.98573	0.16257	0.04365	-0.16611	0.98142	0.09603	-0.02723	-0.10191	0.99442
12.2	-0.07786936	1.1458573	1.3697143	0.982	0.18211	0.05012	-0.18509	0.98069	0.06319	-0.03764	-0.07133	0.99674
12.3	-0.08411965	1.20476466	1.35207894	0.97538	0.21372	0.05432	-0.21649	0.97492	0.05165	-0.04192	-0.06214	0.99719
12.4	-0.08685809	1.26174858	1.34098663	0.96613	0.25079	0.06086	-0.25389	0.96595	0.04985	-0.04628	-0.06361	0.9969
12.5	-0.09066213	1.31545371	1.33508261	0.95332	0.29143	0.07906	-0.29597	0.95371	0.05332	-0.05987	-0.07423	0.99544
12.6	-0.09857579	1.36405603	1.34078278	0.93794	0.33357	0.0949	-0.33908	0.93948	0.04903	-0.0728	-0.07816	0.99428
12.7	-0.10936721	1.40780427	1.35652984	0.91899	0.37995	0.10536	-0.386	0.92145	0.04392	-0.0804	-0.08103	0.99346
12.8	-0.12185862	1.44741176	1.3786066	0.90269	0.41855	0.09983	-0.42475	0.90386	0.05116	-0.06882	-0.08858	0.99369
12.9	-0.14286887	1.48491209	1.40270799	0.88299	0.45909	0.09779	-0.46581	0.88272	0.06188	-0.05791	-0.10019	0.99328
13	-0.17104077	1.51906525	1.43002721	0.85498	0.50907	0.0993	-0.51689	0.85213	0.08185	-0.04295	-0.12131	0.99168
13.1	-0.20325782	1.54854253	1.45983662	0.81695	0.56949	0.09091	-0.57667	0.80831	0.11868	-0.0059	-0.14938	0.98876
13.2	-0.23887919	1.57710398	1.48962739	0.7701	0.63169	0.08894	-0.6376	0.7577	0.13914	0.02051	-0.16386	0.98627
13.3	-0.27537215	1.60699309	1.51408644	0.73478	0.67282	0.08614	-0.67747	0.7216	0.14257	0.03377	-0.16311	0.98603
13.4	-0.31031241	1.63671006	1.52823743	0.69248	0.71663	0.08313	-0.71996	0.67911	0.14306	0.04607	-0.15892	0.98622
13.5	-0.34339808	1.66830165	1.5339405	0.63979	0.76472	0.0766	-0.76625	0.627	0.14044	0.05937	-0.14855	0.98712
13.6	-0.37672183	1.70274938	1.53425211	0.58264	0.80985	0.06832	-0.80999	0.57171	0.13063	0.06673	-0.13145	0.98907
13.7	-0.40948868	1.73720563	1.53467277	0.51642	0.85401	0.06303	-0.85342	0.5072	0.12012	0.07061	-0.11582	0.99076
13.8	-0.44434289	1.76857893	1.53348529	0.44811	0.89136	0.06841	-0.89141	0.43971	0.10972	0.06772	-0.11015	0.99161
13.9	-0.48586786	1.79135802	1.52939625	0.38856	0.91787	0.08085	-0.91995	0.38148	0.09036	0.05209	-0.10949	0.99262
14	-0.53127184	1.807832	1.51547247	0.31908	0.9431	0.09356	-0.94716	0.3139	0.06601	0.03288	-0.10968	0.99342
14.1	-0.57526192	1.82190183	1.49144222	0.24969	0.96408	0.09057	-0.96785	0.24555	0.05449	0.03029	-0.10127	0.9944
14.2	-0.61951444	1.83278563	1.46265198	0.18947	0.97855	0.08085	-0.98111	0.18542	0.05508	0.03891	-0.08976	0.9952
14.3	-0.66782676	1.83800997	1.4326301	0.1452	0.9862	0.07954	-0.98826	0.14071	0.05946	0.04745	-0.08724	0.99506
14.4	-0.72156207	1.83657082	1.40391641	0.10252	0.99087	0.08756	-0.9937	0.09802	0.05426	0.04518	-0.09257	0.99468
14.5	-0.77704225	1.83294908	1.37754551	0.0459	0.99463	0.09279	-0.99866	0.04348	0.02797	0.02379	-0.09395	0.99529
14.6	-0.82930116	1.83324708	1.34874376	-0.00483	0.9966	0.08219	-0.99996	-0.00544	0.00721	0.00764	-0.08215	0.99659
14.7	-0.87776901	1.83252201	1.31629171	-0.04889	0.99614	0.07295	-0.9988	-0.04877	-0.00353	5.00E-05	-0.07304	0.99733
14.8	-0.92395589	1.83083647	1.28605846	-0.10787	0.99173	0.06956	-0.99416	-0.10769	-0.00626	0.00128	-0.06983	0.99756
14.9	-0.97051064	1.82922615	1.26424881	-0.17536	0.98241	0.06415	-0.9845	-0.17507	-0.0102	0.00121	-0.06495	0.99789
15	-1.01090723	1.82257997	1.24992041	-0.24215	0.96721	0.07662	-0.97002	-0.24302	0.00217	0.02071	-0.07379	0.99706
15.1	-1.04441266	1.81303174	1.24277735	-0.29997	0.94838	0.10295	-0.95233	-0.304	0.02556	0.05553	-0.09038	0.99436
15.2	-1.07912272	1.80408867	1.24767927	-0.35871	0.9262	0.11612	-0.93054	-0.36463	0.03383	0.07367	-0.09592	0.99266
15.3	-1.11507944	1.7956549	1.26629179	-0.41424	0.90281	0.1155	-0.90677	-0.42031	0.03325	0.07857	-0.09096	0.99275
15.4	-1.14908425	1.78635202	1.29545242	-0.45833	0.88255	0.10508	-0.88443	-0.46457	0.04419	0.08781	-0.07269	0.99348
15.5	-1.18418262	1.77153792	1.33201201	-0.50393	0.85878	0.09248	-0.85788	-0.51008	0.06206	0.10047	-0.04806	0.99378
15.6	-1.22270559	1.75075326	1.36805815	-0.53773	0.83952	0.07772	-0.83541	-0.54299	0.08521	0.11374	-0.01911	0.99333
15.7	-1.26106122	1.72345028	1.39885232	-0.55878	0.82634	0.07023	-0.81878	-0.56315	0.11158	0.13176	0.00484	0.99127
15.8	-1.29795179	1.69254674	1.42640393	-0.57967	0.81137	0.0752	-0.80063	-0.58429	0.13267	0.15158	0.0167	0.9883
15.9	-1.33917995	1.66251278	1.45030722	-0.59483	0.80045	0.07384	-0.78999	-0.59909	0.13044	0.14865	0.01926	0.9887
16	-1.38030417	1.63452852	1.47244273	-0.60809	0.79094	0.06818	-0.78143	-0.61149	0.12424	0.13996	0.02227	0.98991
16.1	-1.41610984	1.61092742	1.49401219	-0.63082	0.77328	0.06402	-0.76263	-0.6331	0.1326	0.14307	0.03483	0.9891
16.2	-1.45049393	1.58777375	1.51418043	-0.66245	0.7464	0.06357	-0.73507	-0.66404	0.1368	0.14432	0.0439	0.98856
16.3	-1.48316399	1.56479979	1.53466363	-0.69875	0.7119	0.07027	-0.70028	-0.70078	0.13611	0.14614	0.0459	0.9882
16.4	-1.51362941	1.54437924	1.55164385	-0.73346	0.67511	0.07909	-0.66103	-0.73555	0.14835	0.15833	0.05653	0.98577
16.5	-1.54301972	1.52099024	1.56439382	-0.76768	0.63533	0.08374	-0.62147	-0.76998	0.14459	0.15634	0.05896	0.98594
16.6	-1.57020752	1.49226706	1.5694421	-0.79641	0.59822	0.08871	-0.58576	-0.79952	0.13287	0.15041	0.05386	0.98715
16.7	-1.59656853	1.4594968	1.56245503	-0.8199	0.56555	0.08898	-0.55382	-0.82289	0.12701	0.14505	0.05486	0.9879
16.8	-1.62170356	1.42102604	1.54444244	-0.83782	0.53813	0.09208	-0.52667	-0.84107	0.12337	0.14383	0.05486	0.98808
16.9	-1.64347013	1.37751179	1.52072922	-0.84906	0.51905	0.09843	-0.50646	-0.85273	0.12788	0.15031	0.05873	0.98689
17	-1.6627214	1.33270062	1.49693675	-0.86128	0.49779	0.10197	-0.48187	-0.86384	0.14692	0.16122	0.0774	0.98388
17.1	-1.68443727	1.28659383	1.47408624	-0.88062	0.46365	0.09766	-0.44805	-0.88189	0.14672	0.15415	0.08545	0.98435
17.2	-1.71221986	1.23845063	1.45024096	-0.89373	0.44142	0.07995	-0.43101	-0.89436	0.11981	0.12439	0.07262	0.98957
17.3	-1.73918776	1.18776164	1.42442951	-0.90379	0.42092	0.0774	-0.41522	-0.90622	0.07972	0.1037	0.03991	0.99381
17.4	-1.76192174	1.14028458	1.39571287	-0.91178	0.40176	0.08517	-0.39836	-0.91561	0.05445	0.09986	0.01572	0.99488
17.5	-1.78580281	1.09693581	1.36702017	-0.92698	0.36401	0.09063	-0.36191	-0.93139	0.03921	0.09869	0.00354	0.99511
17.6	-1.81407838	1.05581656	1.34386105	-0.94359	0.31911	0.08833	-0.31749	-0.94771	0.03216	0.09398	0.0023	0.99557
17.7	-1.84268962	1.01772893	1.32522477	-0.95739	0.27475	0.08902	-0.27295	-0.9615	0.03195	0.09437	0.00629	0.99552
17.8	-1.86540151	0.98127677	1.30227847	-0.96589	0.24004	0.09718	-0.23768	-0.9707	0.03535	0.10282	0.01105	0.99464
17.9	-1.88243575	0.9435998	1.27290666	-0.97266	0.2062	0.10688	-0.20314	-0.97838	0.03889	0.11259	0.01612	0.99351
18	-1.89684616	0.90403391	1.24749751	-0.97844	0.17524	0.10925	-0.17085	-0.98411	0.04845	0.116	0.02874	0.99283
18.1	-1.9089935	0.86106974	1.23624392	-0.98263	0.15178	0.10679	-0.14455	-0.98684	0.0725	0.11639	0.0558	0.99164
18.2	-1.91810335	0.80868637	1.24569474	-0.98522	0.13766	0.1019	-0.1298	-0.9883	0.08008	0.11173	0.06567	0.99157
18.3	-1.92431611	0.75279891	1.2693295	-0.9879	0.11624	0.10265	-0.1078	-0.9906	0.08423	0.11148	0.07214	0.99114
18.4	-1.9306414	0.69957791	1.2965418	-0.99048	0.09807	0.09662	-0.0896	-0.99204	0.08843	0.10452	0.07894	0.99139
18.5	-1.93707916	0.65139594	1.32448375	-0.99169	0.08766	0.09415	-0.07927	-0.99283	0.08943	0.10132	0.08123	0.99153
18.6	-1.94261307	0.60795001	1.35194023	-0.99185	0.08413	0.09565	-0.07461	-0.99228	0.0991	0.10324	0.09116	0.99047
18.7	-1.94904077	0.56409268	1.37807507	-0.99283	0.06666	0.09922	-0.05665	-0.99332	0.10048	0.10526	0.09414	0.98998
18.8	-1.9594164	0.51984098	1.40391769	-0.99447	0.03999	0.09714	-0.02988	-0.99419	0.10339	0.10071	0.09991	0.98989
18.9	-1.97124603	0.47463551	1.43094731	-0.99506	0.01224	0.09852	-0.00144	-0.99404	0.10905	0.09927	0.10837	0.98914
19	-1.97980084	0.42822552	1.457897	-0.9942	-0.00321	0.10749	0.0157	-0.99318	0.11557	0.10639	0.11659	0.98747
19.1	-1.98451386	0.38217075	1.48117842	-0.99307	-0.03054	0.11347	0.04382	-0.99224	0.1164	0.10903	0.12057	0.9867
19.2	-1.98630257	0.33725097	1.50191517	-0.99244	-0.05593	0.10923	0.06939	-0.9899	0.1236	0.10122	0.13024	0.9863
19.3	-1.98593016	0.29133917	1.52309047	-0.99234	-0.07932	0.09466	0.09115	-0.98758	0.12795	0.08333	0.1356	0.98725
19.4	-1.97876179	0.24399764	1.54125817	-0.99232	-0.08766	0.08723	0.09849	-0.98677	0.12878	0.07479	0.13638	0.98783
19.5	-1.96384915	0.19754398	1.55369983	-0.99204	-0.0852	0.09272	0.09788	-0.985	0.14211	0.07922	0.15005	0.9855
19.6	-1.94915653	0.1504749	1.55975615	-0.9908	-0.09147	0.09972	0.10569	-0.98329	0.1482	0.0845	0.15737	0.98392
19.7	-1.94200019	0.10106846	1.55732922	-0.99174	-0.09165	0.08976	0.10392	-0.98422	0.1432	0.07522	0.15134	0.98562
19.8	-1.93671105	0.05179523	1.5459276	-0.99119	-0.10037	0.08647	0.11154	-0.98441	0.13598	0.07148	0.14443	0.98693
19.9	-1.93166931	0.00356957	1.52510211	-0.99021	-0.10872	0.08753	0.11955	-0.98429	0.12994	0.07203	0.13913	0.98765
20	-1.92930638	-0.04766631	1.49780445	-0.98771	-0.1283	0.08931	0.13811	-0.98383	0.11405	0.07323	0.12498	0.98945
20.1	-1.93161815	-0.10060804	1.46857981	-0.98453	-0.15131	0.08831	0.15977	-0.98226	0.09814	0.07189	0.11073	0.99125
20.2	-1.93471692	-0.15203911	1.43747943	-0.982	-0.16849	0.08533	0.17573	-0.98069	0.08584	0.06922	0.09929	0.99265
20.3	-1.9322926	-0.20294205	1.40323084	-0.97868	-0.18679	0.08538	0.19263	-0.97904	0.06616	0.07124	0.0812	0.99415
20.4	-1.92925881	-0.25643629	1.36752403	-0.97644	-0.20196	0.07595	0.20529	-0.97793	0.03888	0.06642	0.05356	0.99635
20.5	-1.92377723	-0.31056819	1.33188863	-0.9768	-0.20426	0.06437	0.20591	-0.97836	0.02011	0.05887	0.0329	0.99772
20.6	-1.91483638	-0.36083984	1.2976729	-0.97795	-0.19869	0.06423	0.20042	-0.97947	0.02155	0.05863	0.03394	0.9977
20.7	-1.9056132	-0.40573979	1.26819804	-0.98058	-0.18449	0.06653	0.18772	-0.98114	0.04614	0.05676	0.05773	0.99672
20.8	-1.89963199	-0.44911817	1.25140542	-0.98132	-0.18223	0.06165	0.18635	-0.98003	0.06941	0.04777	0.0796	0.99568
20.9	-1.89799879	-0.4881068	1.24412982	-0.98387	-0.17121	0.05177	0.17499	-0.98126	0.08067	0.03699	0.08843	0.9954
21	-1.89996444	-0.52318537	1.24104781	-0.98585	-0.15933	0.05205	0.16354	-0.9824	0.0903	0.03675	0.09753	0.99455
21.1	-1.90263903	-0.56219807	1.24726334	-0.98553	-0.15744	0.06273	0.16214	-0.98363	0.07863	0.04932	0.08766	0.99493
21.2	-1.90223767	-0.60296309	1.26843797	-0.98118	-0.17324	0.08523	0.17839	-0.98231	0.05689	0.07387	0.07103	0.99474
21.3	-1.90239108	-0.63754619	1.29531353	-0.97265	-0.20553	0.10819	0.21285	-0.97517	0.06106	0.09295	0.08241	0.99225
21.4	-1.90634136	-0.67427853	1.33074381	-0.96169	-0.24933	0.11394	0.25686	-0.96478	0.0568	0.09576	0.08389	0.99186
21.5	-1.9094142	-0.71246995	1.37502651	-0.9512	-0.28562	0.11676	0.29169	-0.95574	0.03839	0.10063	0.07058	0.99242
21.6	-1.90807697	-0.74550329	1.41763896	-0.94093	-0.31541	0.12319	0.32093	-0.9467	0.02741	0.10798	0.06533	0.992
21.7	-1.90299672	-0.77719426	1.45216372	-0.9287	-0.34695	0.13091	0.35213	-0.93578	0.01805	0.11624	0.06286	0.99123
21.8	-1.89624633	-0.81033589	1.47989426	-0.91806	-0.37631	0.1247	0.38134	-0.92425	0.01838	0.10833	0.06443	0.99202
21.9	-1.88618555	-0.84381137	1.50104757	-0.90903	-0.40034	0.11571	0.40634	-0.91313	0.03302	0.09244	0.07703	0.99273
22	-1.87128323	-0.8759776	1.51705633	-0.90236	-0.41468	0.11742	0.42316	-0.90414	0.05889	0.08174	0.10283	0.99133
22.1	-1.85281379	-0.90655025	1.53096897	-0.89532	-0.42679	0.12744	0.43948	-0.89301	0.09693	0.07244	0.14279	0.9871
22.2	-1.83621868	-0.94045811	1.54457897	-0.88551	-0.44706	0.12655	0.46198	-0.8762	0.13729	0.0495	0.18003	0.98241
22.3	-1.82464722	-0.97989892	1.55863342	-0.87765	-0.46652	0.10996	0.47875	-0.8643	0.15423	0.02308	0.188	0.9819
22.4	-1.815927	-1.02171762	1.56694578	-0.87319	-0.47958	0.08686	0.48734	-0.85674	0.16881	-0.00654	0.18973	0.98181
22.5	-1.80359281	-1.06328459	1.56898792	-0.86727	-0.49122	0.08087	0.49747	-0.84897	0.17825	-0.0189	0.19483	0.98066
22.6	-1.78826669	-1.10641939	1.56818155	-0.85418	-0.51281	0.08603	0.51946	-0.83425	0.18491	-0.02305	0.20264	0.97898
22.7	-1.77185261	-1.15261777	1.56406286	-0.82988	-0.54973	0.09531	0.5575	-0.81031	0.18052	-0.02201	0.20295	0.97894
22.8	-1.75199938	-1.20271574	1.55748437	-0.80712	-0.58141	0.10257	0.59024	-0.79078	0.16214	-0.01316	0.1914	0.98142
22.9	-1.72470736	-1.25285739	1.55035901	-0.77813	-0.61855	0.10908	0.62804	-0.76851	0.12231	0.00817	0.16368	0.98648
23	-1.69769982	-1.3017941	1.5406369	-0.74918	-0.65381	0.10612	0.66218	-0.74309	0.0966	0.0157	0.14264	0.98965
23.1	-1.66864368	-1.34701034	1.52975887	-0.73463	-0.67152	0.09683	0.67814	-0.7312	0.07405	0.02108	0.12007	0.99254
23.2	-1.6357961	-1.38743451	1.51841455	-0.72174	-0.68527	0.09744	0.69157	-0.71977	0.06051	0.02867	0.11106	0.9934
23.3	-1.60172971	-1.42462651	1.50577282	-0.7133	-0.6933	0.10264	0.70026	-0.71107	0.06337	0.02905	0.11707	0.9927
23.4	-1.56699627	-1.46218582	1.4899454	-0.7044	-0.70218	0.10377	0.70912	-0.70259	0.05935	0.03124	0.11539	0.99283
23.5	-1.53405491	-1.50191729	1.46960759	-0.69728	-0.71014	0.09745	0.71587	-0.69682	0.04431	0.03644	0.10066	0.99425
23.6	-1.50302643	-1.5408908	1.44612629	-0.68374	-0.72337	0.09611	0.72854	-0.68418	0.03352	0.04151	0.09294	0.99481
23.7	-1.47025137	-1.58078055	1.42295591	-0.67568	-0.73035	0.10026	0.73516	-0.67765	0.01813	0.05469	0.08596	0.9948
23.8	-1.43834763	-1.62114189	1.40099574	-0.65948	-0.74377	0.10907	0.74873	-0.66283	0.00714	0.06699	0.08638	0.99401
23.9	-1.41140552	-1.65752197	1.38062916	-0.636	-0.76175	0.12345	0.76928	-0.63848	0.02352	0.0609	0.10993	0.99207
24	-1.38427439	-1.69239786	1.36238955	-0.61116	-0.78096	0.12877	0.78943	-0.61322	0.02773	0.05731	0.1186	0.99129
24.1	-1.35054507	-1.72669108	1.34560173	-0.57709	-0.80665	0.12761	0.81437	-0.58014	0.01567	0.06139	0.11297	0.9917
24.2	-1.30956372	-1.76111069	1.33437236	-0.54608	-0.82908	0.12013	0.83485	-0.55046	-0.00404	0.06948	0.09808	0.99275
24.3	-1.2652845	-1.79135073	1.32737808	-0.5203	-0.84583	0.11775	0.85116	-0.52483	-0.00899	0.0694	0.09554	0.993
24.4	-1.21663618	-1.8189708	1.32975176	-0.50401	-0.85559	0.11807	0.86078	-0.50882	-0.0127	0.07094	0.09524	0.99292
24.5	-1.16571499	-1.84331938	1.34534845	-0.48125	-0.86797	0.12259	0.87337	-0.48673	-0.01766	0.075	0.09857	0.9923
24.6	-1.11862472	-1.86354394	1.37181385	-0.46359	-0.87625	0.13139	0.88325	-0.4688	-0.01005	0.0704	0.1114	0.99128
24.7	-1.07829776	-1.88160968	1.40378789	-0.44998	-0.88187	0.14083	0.89052	-0.45494	-0.00344	0.0671	0.12386	0.99003
24.8	-1.04384273	-1.89881261	1.43782528	-0.43773	-0.88748	0.14412	0.89759	-0.44066	0.01265	0.05228	0.1349	0.98948
24.9	-1.01163716	-1.91646784	1.47105204	-0.41968	-0.89551	0.14813	0.90708	-0.41969	0.03268	0.03291	0.14808	0.98843
25	-0.97818125	-1.93720864	1.50268661	-0.38905	-0.90897	0.14968	0.92083	-0.38844	0.0345	0.02678	0.15125	0.98813
25.1	-0.94676912	-1.957849	1.52610932	-0.35869	-0.92115	0.15108	0.93344	-0.35496	0.05191	0.00581	0.15965	0.98716
25.2	-0.91570767	-1.97582007	1.53958184	-0.32041	-0.93523	0.15061	0.94705	-0.31272	0.07288	-0.02106	0.16598	0.9859
25.3	-0.88024306	-1.98998235	1.54563825	-0.27403	-0.95031	0.14773	0.96108	-0.265	0.07806	-0.03503	0.16337	0.98594
25.4	-0.84013899	-1.99910591	1.54881207	-0.24037	-0.96084	0.13786	0.96968	-0.23124	0.079	-0.04403	0.15267	0.9873
25.5	-0.79679436	-2.00302446	1.54758458	-0.20872	-0.96896	0.13249	0.97645	-0.19891	0.08354	-0.05459	0.14681	0.98766
25.6	-0.74948273	-2.00036495	1.54497852	-0.20078	-0.97073	0.13176	0.97821	-0.19142	0.08037	-0.0528	0.14503	0.98802
25.7	-0.70236634	-1.99414671	1.54368196	-0.1799	-0.97486	0.13145	0.98123	-0.1684	0.09399	-0.06949	0.14589	0.98686
25.8	-0.65478421	-1.99163915	1.5445457	-0.15926	-0.97988	0.12027	0.98435	-0.14831	0.09517	-0.07541	0.13354	0.98817
25.9	-0.60362139	-1.99313204	1.54512845	-0.14178	-0.98407	0.10724	0.98806	-0.13409	0.07583	-0.06024	0.11671	0.99134
26	-0.55457905	-1.99633796	1.54327974	-0.11265	-0.98892	0.09672	0.99274	-0.1079	0.0531	-0.04208	0.102	0.99389
26.1	-0.51269232	-1.99869514	1.53693899	-0.0936	-0.9911	0.09461	0.99465	-0.0889	0.05268	-0.0438	0.09904	0.99412
26.2	-0.47305843	-2.00113563	1.53050107	-0.0678	-0.99289	0.09784	0.99639	-0.06237	0.05751	-0.051	0.10139	0.99354
26.3	-0.43136611	-2.00574079	1.52763989	-0.02875	-0.99432	0.10246	0.9981	-0.02297	0.05718	-0.05451	0.10391	0.99309
26.4	-0.38944895	-2.01287083	1.52545322	0.00159	-0.99447	0.10502	0.99827	0.00776	0.05836	-0.05885	0.10474	0.99276
26.5	-0.34708605	-2.0193004	1.52065317	0.0379	-0.99379	0.10464	0.99731	0.04419	0.05848	-0.06274	0.10214	0.99279
26.6	-0.30043091	-2.02543007	1.50982021	0.07831	-0.99236	0.09533	0.99537	0.08317	0.04808	-0.05564	0.09113	0.99428
26.7	-0.25038505	-2.0316687	1.49135698	0.10797	-0.99115	0.07717	0.99329	0.11079	0.03314	-0.0414	0.07307	0.99647
26.8	-0.20294617	-2.03368308	1.46553971	0.12027	-0.99034	0.06902	0.99197	0.12263	0.03109	-0.03926	0.06472	0.99713
26.9	-0.15263731	-2.03004968	1.43553505	0.11816	-0.9903	0.07309	0.99259	0.11989	0.01984	-0.02841	0.07021	0.99713
27	-0.09538174	-2.02294465	1.40533507	0.11705	-0.99006	0.07797	0.99311	0.11718	-0.00288	-0.00629	0.07777	0.99695
27.1	-0.0370802	-2.01352229	1.37865831	0.12273	-0.98932	0.07867	0.99241	0.12177	-0.01687	0.00711	0.08014	0.99676
27.2	0.02031026	-2.00348081	1.35987684	0.11431	-0.98965	0.0868	0.99315	0.11171	-0.03421	0.02416	0.09012	0.99564
27.3	0.0748316	-1.9965445	1.34864608	0.104	-0.98969	0.09847	0.99383	0.09958	-0.04884	0.03853	0.10294	0.99394
27.4	0.1250945	-1.99432781	1.34687772	0.10647	-0.98848	0.10759	0.99331	0.10088	-0.05617	0.04467	0.11286	0.99261
27.5	0.17317604	-1.99702087	1.35795532	0.09721	-0.98919	0.10983	0.99446	0.0921	-0.05068	0.04002	0.11415	0.99266
27.6	0.22053348	-2.00155229	1.38214639	0.09723	-0.98906	0.11094	0.99487	0.09346	-0.03875	0.02796	0.11413	0.99307
27.7	0.26893046	-2.0075334	1.41010328	0.09909	-0.98829	0.11607	0.99504	0.09738	-0.02034	0.0088	0.11751	0.99303
27.8	0.32080651	-2.01391571	1.43727197	0.10022	-0.98743	0.12221	0.99496	0.09915	-0.0148	0.0025	0.12308	0.99239
27.9	0.36693563	-2.01886585	1.46125221	0.11854	-0.98539	0.12228	0.99292	0.11863	-0.00659	-0.00802	0.12219	0.99247
28	0.40338801	-2.0209051	1.4800881	0.12791	-0.98454	0.11967	0.99084	0.13213	0.02802	-0.0434	0.11499	0.99242
28.1	0.44164431	-2.01946493	1.49482323	0.13227	-0.98509	0.11005	0.9894	0.13793	0.04548	-0.05998	0.10286	0.99289
28.2	0.48339653	-2.01088333	1.50715055	0.14157	-0.9845	0.10352	0.98791	0.14718	0.04869	-0.06317	0.09538	0.99343
28.3	0.52219627	-1.995902	1.51711159	0.14539	-0.98351	0.10758	0.98613	0.15286	0.06473	-0.0801	0.09667	0.99209
28.4	0.55932138	-1.9793142	1.52501979	0.15541	-0.98162	0.11078	0.98275	0.16501	0.08346	-0.10021	0.0959	0.99033
28.5	0.59782093	-1.96692172	1.52983724	0.15514	-0.98173	0.11019	0.98265	0.16482	0.08502	-0.10162	0.09509	0.99027
28.6	0.63669427	-1.96057337	1.53067456	0.1577	-0.98191	0.10476	0.98181	0.16727	0.08983	-0.10573	0.08869	0.99043
28.7	0.67847139	-1.95877817	1.52802863	0.16068	-0.98245	0.09474	0.98197	0.16881	0.08509	-0.09959	0.07936	0.99186
28.8	0.72374424	-1.95924384	1.51854254	0.15917	-0.98328	0.08845	0.98346	0.16576	0.07299	-0.08643	0.07537	0.9934
28.9	0.7715672	-1.96128142	1.50388161	0.16301	-0.98255	0.08962	0.98336	0.16918	0.06621	-0.08022	0.07733	0.99377
29	0.82338837	-1.96278322	1.48659775	0.18057	-0.97959	0.08826	0.98169	0.18504	0.04527	-0.06067	0.07847	0.99507
29.1	0.87048352	-1.96197351	1.46206494	0.2113	-0.97345	0.08805	0.97593	0.21509	0.03595	-0.05393	0.07834	0.99547
29.2	0.91395937	-1.95464506	1.43045018	0.23226	-0.968	0.09499	0.97092	0.23657	0.0368	-0.0581	0.08368	0.9948
29.3	0.96348186	-1.94318567	1.39855288	0.25584	-0.9618	0.09736	0.96563	0.25903	0.02149	-0.04589	0.08852	0.99502
29.4	1.01811235	-1.92732032	1.37007832	0.28238	-0.95469	0.09393	0.95875	0.28418	0.0061	-0.03252	0.08834	0.99556
29.5	1.07587148	-1.90181321	1.34892644	0.29378	-0.95078	0.09851	0.95532	0.29555	0.00352	-0.03246	0.09307	0.99513
29.6	1.13632135	-1.86777031	1.33422724	0.32059	-0.94097	0.10865	0.94657	0.32249	-0.00011	-0.03493	0.10288	0.99408
29.7	1.19610379	-1.83365176	1.32684942	0.35418	-0.92917	0.10583	0.93457	0.35577	-0.00411	-0.03383	0.10036	0.99438
29.8	1.25214582	-1.80214023	1.32469735	0.37325	-0.92211	0.10191	0.92737	0.37389	-0.01353	-0.02563	0.09956	0.9947
29.9	1.3013227	-1.77276594	1.32461411	0.39004	-0.9149	0.10405	0.92041	0.39066	-0.01518	-0.02676	0.10169	0.99446
30	1.34543903	-1.74426136	1.33397289	0.42742	-0.89647	0.11682	0.90359	0.42776	-0.02343	-0.02897	0.11557	0.99288
30.1	1.38830446	-1.71759146	1.35896882	0.46217	-0.87697	0.13166	0.88557	0.46422	-0.01648	-0.04667	0.12421	0.99116
30.2	1.43432298	-1.69108003	1.39320239	0.51032	-0.84797	0.14326	0.85782	0.51374	-0.01482	-0.06103	0.13046	0.98957
30.3	1.48160383	-1.66727048	1.4230864	0.56348	-0.81195	0.15242	0.82252	0.56862	-0.01164	-0.07722	0.13193	0.98825
30.4	1.52767183	-1.64785928	1.44694929	0.61467	-0.7749	0.14736	0.78378	0.62103	-0.00354	-0.08877	0.11768	0.98908
30.5	1.56780861	-1.6299096	1.46054993	0.6683	-0.73156	0.13488	0.73712	0.67565	0.01226	-0.10011	0.09123	0.99079
30.6	1.60420904	-1.60885948	1.46622683	0.70828	-0.69579	0.11923	0.69825	0.71535	0.02667	-0.10385	0.06436	0.99251
30.7	1.64135997	-1.57866168	1.47235436	0.74834	-0.65514	0.10383	0.65798	0.75298	0.00878	-0.08393	0.06175	0.99456
30.8	1.67285565	-1.54315462	1.47723602	0.77931	-0.61818	0.10265	0.62133	0.78354	0.00153	-0.08137	0.06259	0.99472
30.9	1.69757986	-1.50485278	1.48135699	0.80493	-0.58251	0.11299	0.58547	0.81065	0.00846	-0.09652	0.05934	0.99356
31	1.72014103	-1.46479653	1.48254433	0.83126	-0.54195	0.12366	0.54327	0.83916	0.02574	-0.11772	0.04578	0.99199
31.1	1.7454782	-1.42271149	1.48196447	0.86386	-0.48876	0.12187	0.48814	0.87198	0.03695	-0.12432	0.02757	0.99186
31.2	1.77616741	-1.38021397	1.4810096	0.8843	-0.45289	0.11361	0.45275	0.89118	0.02848	-0.11415	0.02625	0.99312
31.3	1.80624769	-1.33907464	1.47695107	0.90124	-0.41948	0.10865	0.42015	0.90728	0.01777	-0.10603	0.02963	0.99392
31.4	1.83374773	-1.29922824	1.47094231	0.91843	-0.37929	0.11236	0.3802	0.9248	0.01413	-0.10927	0.02974	0.99357
31.5	1.86273576	-1.25792401	1.46481204	0.9346	-0.33489	0.11987	0.33667	0.94161	0.00567	-0.11477	0.03505	0.99277
31.6	1.8926025	-1.21950186	1.45728221	0.95217	-0.27899	0.12466	0.28017	0.95991	0.00831	-0.12198	0.02701	0.99217
31.7	1.92165778	-1.18519704	1.44212038	0.96652	-0.22541	0.12258	0.22511	0.97419	0.01645	-0.12313	0.0117	0.99232
31.8	1.94633988	-1.14522226	1.41793915	0.97636	-0.18102	0.11815	0.18082	0.98344	0.01257	-0.11846	0.00909	0.99292
31.9	1.96599766	-1.09401555	1.38647229	0.98609	-0.12829	0.10565	0.13125	0.99112	-0.02151	-0.10195	0.03507	0.99417
32	1.97918967	-1.03799255	1.35034979	0.99328	-0.07182	0.09072	0.07654	0.99583	-0.04965	-0.08678	0.05626	0.99464
32.1	1.98316659	-0.97919224	1.32057163	0.99535	-0.03601	0.08934	0.04141	0.99737	-0.05944	-0.08696	0.06287	0.99423
32.2	1.97962928	-0.91594494	1.30028277	0.99501	0.00502	0.09969	5.00E-05	0.99871	-0.05082	-0.09982	0.05057	0.99372
32.3	1.97561521	-0.85403468	1.28307404	0.99407	0.04599	0.09855	-0.04404	0.99879	-0.02186	-0.09944	0.01739	0.99489
32.4	1.97631142	-0.78461543	1.27687894	0.99302	0.07774	0.08875	-0.07481	0.99655	-0.03585	-0.09123	0.02896	0.99541
32.5	1.97870956	-0.7176736	1.28022749	0.99206	0.09138	0.08641	-0.08748	0.99501	-0.04793	-0.09036	0.03999	0.99511
32.6	1.9814372	-0.65995814	1.28983851	0.98952	0.10549	0.09858	-0.1022	0.99404	-0.03785	-0.10198	0.02738	0.99441
32.7	1.98846645	-0.60071007	1.30627159	0.98741	0.11971	0.1034	-0.11656	0.99253	-0.03605	-0.10694	0.02355	0.99399
32.8	2.00267414	-0.54020971	1.33124184	0.98461	0.1476	0.09359	-0.14597	0.989	-0.02405	-0.09611	0.01002	0.99532
32.9	2.0191861	-0.4838345	1.35636435	0.98289	0.16358	0.08468	-0.16436	0.9864	0.00232	-0.08315	-0.0162	0.99641
33	2.03064777	-0.42828424	1.38126029	0.97959	0.18169	0.08594	-0.18297	0.98309	0.00721	-0.08317	-0.02278	0.99627
33.1	2.03852426	-0.37896184	1.40293922	0.97565	0.20117	0.08738	-0.20332	0.97898	0.01629	-0.08227	-0.03366	0.99604
33.2	2.04541696	-0.33280496	1.42160958	0.97432	0.2118	0.07638	-0.21397	0.97661	0.0214	-0.07006	-0.0372	0.99685
33.3	2.04677281	-0.28761292	1.43774564	0.97372	0.21764	0.06715	-0.21912	0.97558	0.01538	-0.06217	-0.02969	0.99762
33.4	2.04076685	-0.24667716	1.449223	0.97222	0.22277	0.07186	-0.22483	0.97416	0.02179	-0.06515	-0.03735	0.99718
33.5	2.03072068	-0.20622049	1.45719382	0.97134	0.2241	0.0792	-0.2275	0.97309	0.03664	-0.06886	-0.05361	0.99618
33.6	2.0187205	-0.16311221	1.46128941	0.97324	0.21626	0.07773	-0.22036	0.97421	0.04863	-0.06521	-0.06446	0.99579
33.7	2.00500714	-0.11793654	1.46100483	0.97248	0.22266	0.06867	-0.22646	0.97254	0.05369	-0.05483	-0.06776	0.99619
33.8	1.993572	-0.07188733	1.4577919	0.97484	0.2152	0.05803	-0.21793	0.97489	0.04569	-0.04674	-0.05719	0.99727
33.9	1.98318936	-0.02965659	1.4545594	0.97723	0.20444	0.05687	-0.20703	0.97734	0.04419	-0.04655	-0.05496	0.9974
34	1.97349379	0.01358946	1.45401542	0.97757	0.20072	0.06372	-0.20352	0.97821	0.04093	-0.05412	-0.05298	0.99713
34.1	1.96560198	0.0586562	1.45293562	0.97743	0.19836	0.07264	-0.20162	0.97862	0.04061	-0.06304	-0.05434	0.99653
34.2	1.96156702	0.10221815	1.44979512	0.9757	0.20533	0.07644	-0.20935	0.97662	0.04884	-0.06462	-0.06366	0.99588
34.3	1.96266789	0.14586011	1.44398583	0.97287	0.21829	0.07659	-0.22356	0.97226	0.0688	-0.05944	-0.08406	0.99469
34.4	1.96614753	0.19548549	1.43836956	0.96876	0.23724	0.07227	-0.24226	0.9676	0.07109	-0.05306	-0.08638	0.99485
34.5	1.96742582	0.24625468	1.43022076	0.96275	0.26153	0.06861	-0.26544	0.96252	0.05573	-0.05146	-0.07186	0.99609
34.6	1.96795268	0.291218	1.41618022	0.96092	0.26965	0.06262	-0.27301	0.96054	0.05312	-0.04582	-0.06814	0.99662
34.7	1.96468148	0.33425847	1.39540197	0.9606	0.27157	0.0591	-0.27429	0.96064	0.04405	-0.04481	-0.05853	0.99728
34.8	1.95574497	0.37650488	1.36376477	0.95939	0.27463	0.06449	-0.27685	0.96049	0.02846	-0.05413	-0.04516	0.99751
34.9	1.94405729	0.41492783	1.32610155	0.95812	0.27698	0.07273	-0.27908	0.96005	0.02024	-0.06421	-0.03969	0.99715
35	1.93178219	0.45213662	1.29461968	0.95625	0.28319	0.07348	-0.28542	0.95816	0.02171	-0.06425	-0.04173	0.99706
35.1	1.91682683	0.49494033	1.28245266	0.95532	0.28812	0.06594	-0.28943	0.95714	0.01101	-0.05994	-0.0296	0.99776
35.2	1.89893127	0.53941729	1.28778138	0.95246	0.29728	0.06664	-0.29804	0.95455	0.00159	-0.06314	-0.02137	0.99778
35.3	1.88375115	0.58282768	1.30210705	0.94721	0.31142	0.07626	-0.31194	0.95009	-0.00532	-0.07411	-0.01875	0.99707
35.4	1.87308636	0.62710069	1.32119247	0.94582	0.3127	0.08739	-0.31308	0.94968	-0.00963	-0.086	-0.01825	0.99613
35.5	1.86562	0.6735924	1.34414693	0.9441	0.3137	0.10129	-0.3142	0.94929	-0.01136	-0.09971	-0.0211	0.99479
35.6	1.86399225	0.72042903	1.36867646	0.93774	0.33013	0.10793	-0.33275	0.94299	0.00671	-0.09956	-0.0422	0.99414
35.7	1.86707234	0.77222218	1.39005331	0.92777	0.3572	0.10793	-0.36239	0.93146	0.03247	-0.08893	-0.06924	0.99363
35.8	1.86942233	0.83295684	1.40862017	0.91927	0.37956	0.10434	-0.38433	0.92273	0.02943	-0.08511	-0.06716	0.99411
35.9	1.86877338	0.89636586	1.42873021	0.91088	0.39922	0.10448	-0.40364	0.91459	0.02437	-0.08583	-0.06437	0.99423
36	1.86477469	0.95218775	1.44477266	0.89854	0.42761	0.09884	-0.43219	0.9013	0.02963	-0.07641	-0.06934	0.99466
36.1	1.85420585	1.00359203	1.45527808	0.88781	0.45137	0.08982	-0.45572	0.88944	0.03481	-0.06417	-0.07183	0.99535
