Time	Position X	Position Y	Position Z	Rotation[0]	Rotation[1]	Rotation[2]	Rotation[3]	Rotation[4]	Rotation[5]	Rotation[6]	Rotation[7]	Rotation[8]
0.1	0.01272834	-0.00507272	0.30941878	1	-2.00E-05	0.0001	2.00E-05	1	-3.00E-05	-0.0001	3.00E-05	1
0.2	0.01270874	-0.00507486	0.30941376	1	1.20E-04	-4.00E-05	-1.20E-04	1	-4.00E-05	4.00E-05	4.00E-05	1
0.3	0.01273327	-0.00507053	0.30940914	1	1.00E-05	0.00012	-1.00E-05	1	-7.00E-05	-0.00012	7.00E-05	1
0.4	0.01272587	-0.00511264	0.30937763	1	4.00E-05	1.30E-04	-4.00E-05	1	5.00E-05	-1.30E-04	-5.00E-05	1
0.5	0.01270603	-0.00511346	0.30937193	1	4.00E-05	0.00011	-4.00E-05	1	1.30E-04	-0.00011	-1.30E-04	1
0.6	0.01270758	-0.00510826	0.30936207	1	8.00E-05	9.00E-05	-8.00E-05	1	0.00013	-9.00E-05	-0.00013	1
0.7	0.01272539	-0.0051201	0.30935595	1	-2.00E-05	0.0001	2.00E-05	1	0.00014	-0.0001	-0.00014	1
0.8	0.01249276	-0.0049604	0.3093062	1	0.00047	0.00018	-0.00047	1	0.00017	-0.00018	-0.00017	1
0.9	0.01250065	-0.00493107	0.30929975	1	5.10E-04	0.00018	-5.10E-04	1	0.00019	-0.00018	-0.00019	1
1	0.01247966	-0.00492183	0.30929237	1	5.60E-04	9.00E-05	-5.60E-04	1	0.00019	-9.00E-05	-0.00019	1
1.1	0.01241343	-0.00500755	0.30920363	1	0.00037	-1.50E-04	-0.00037	1	0.00028	1.50E-04	-0.00028	1
1.2	0.01240785	-0.00500983	0.30921225	1	0.0004	-2.90E-04	-0.0004	1	0.00027	2.90E-04	-0.00027	1
1.3	0.01239858	-0.00500128	0.30920702	1	0.00036	-1.90E-04	-0.00036	1	0.00028	1.90E-04	-0.00028	1
1.4	0.01236756	-0.00497077	0.30916567	1	0.00026	-3.80E-04	-0.00026	1	0.00048	3.80E-04	-0.00048	1
1.5	0.01238072	-0.00502596	0.30919793	1	0.00031	-2.40E-04	-0.00031	1	0.00027	2.40E-04	-0.00027	1
1.6	0.01235705	-0.00496917	0.30918324	1	6.00E-04	-3.80E-04	-6.00E-04	1	0.00022	3.80E-04	-0.00022	1
1.7	0.01238952	-0.00499875	0.30918815	1	0.00045	-1.90E-04	-0.00045	1	0.00042	1.90E-04	-0.00042	1
1.8	0.01239308	-0.00497209	0.30916036	1	0.0004	-2.60E-04	-0.0004	1	0.00025	2.60E-04	-0.00025	1
1.9	0.0123752	-0.00499839	0.30918032	1	0.00036	-2.30E-04	-0.00036	1	0.00028	2.30E-04	-0.00028	1
2	0.01239148	-0.00501485	0.30916919	1	0.00039	-0.00017	-0.00039	1	0.0003	0.00017	-0.0003	1
2.1	0.01237695	-0.00499086	0.30916588	1	0.00037	-2.20E-04	-0.00037	1	0.00028	2.20E-04	-0.00028	1
2.2	0.01236501	-0.00500437	0.30915774	1	0.00047	-2.40E-04	-0.00047	1	0.00026	2.40E-04	-0.00026	1
2.3	0.01236941	-0.00500191	0.30917516	1	0.00042	-1.70E-04	-0.00042	1	0.00032	1.70E-04	-0.00032	1
2.4	0.01231755	-0.00492668	0.30919985	1	0.0002	-1.10E-04	-0.0002	1	0.0004	1.10E-04	-0.0004	1
2.5	0.01231742	-0.0049009	0.30920824	1	0.00026	-2.40E-04	-0.00026	1	0.00044	2.40E-04	-0.00044	1
2.6	0.01237142	-0.00498199	0.30916076	1	0.00048	-2.80E-04	-0.00048	1	0.00033	2.80E-04	-0.00033	1
2.7	0.01236384	-0.00498294	0.30915508	1	0.00046	-2.20E-04	-0.00046	1	0.00044	2.20E-04	-0.00044	1
2.8	0.01239232	-0.004979	0.30915618	1	0.00047	-2.90E-04	-0.00047	1	0.00043	3.00E-04	-0.00043	1
2.9	0.01237133	-0.00498176	0.30915551	1	0.00038	-2.00E-04	-0.00038	1	0.00037	2.00E-04	-0.00037	1
3	0.01237869	-0.00495723	0.30916558	1	0.00047	-1.90E-04	-0.00047	1	0.00024	1.90E-04	-0.00024	1
3.1	0.0123721	-0.00499619	0.30915767	1	0.00047	-0.00024	-0.00047	1	3.70E-04	0.00024	-3.70E-04	1
3.2	0.01240472	-0.00495524	0.30915676	1	0.0005	-4.10E-04	-0.0005	1	2.30E-04	4.10E-04	-2.30E-04	1
3.3	0.01239291	-0.00495577	0.30915747	1	4.00E-04	-2.80E-04	-4.00E-04	1	0.0003	2.80E-04	-0.0003	1
3.4	0.01232033	-0.00500542	0.3091442	1	0.00065	-0.00033	-0.00065	1	7.00E-05	0.00033	-7.00E-05	1
3.5	0.01233849	-0.00496985	0.30918751	1	6.80E-04	-0.0004	-6.80E-04	1	1.20E-04	0.0004	-1.20E-04	1
3.6	0.0123102	-0.00499866	0.30917665	1	5.50E-04	-0.00029	-5.50E-04	1	0.00022	0.00029	-0.00022	1
3.7	0.01230868	-0.00501044	0.30918045	1	0.00063	-0.00031	-0.00063	1	-1.00E-05	0.00031	1.00E-05	1
3.8	0.01228349	-0.00506895	0.30917866	1	0.00055	-0.00039	-0.00055	1	-0.00016	0.00039	0.00016	1
3.9	0.01231355	-0.00504425	0.30916957	1	0.00052	-0.00048	-0.00052	1	-2.00E-05	0.00048	2.00E-05	1
4	0.01229084	-0.00506529	0.30917666	1	0.00068	-0.00042	-0.00068	1	-7.00E-05	0.00042	7.00E-05	1
4.1	0.01221418	-0.00503546	0.30914801	1	0.0007	-0.0006	-0.0007	1	0.0002	0.0006	-0.0002	1
4.2	0.01239879	-0.00501508	0.309172	1	0.00074	-0.00086	-0.00074	1	-0.00014	0.00086	0.00014	1
4.3	0.01218665	-0.00507918	0.30914907	1	0.00043	-3.00E-05	-0.00043	1	-8.00E-05	3.00E-05	8.00E-05	1
4.4	0.01239063	-0.00501256	0.30920369	1	0.00025	-0.00064	-0.00025	1	-0.0003	0.00064	0.0003	1
4.5	0.01221598	-0.00506678	0.30929938	1	0.00091	-0.00024	-0.00091	1	-0.0001	0.00024	0.0001	1
4.6	0.01189312	-0.00529035	0.30939794	1	0.00148	0.00067	-0.00148	1	0.00047	-0.00067	-0.00047	1
4.7	0.01160751	-0.00547135	0.30942169	1	0.00235	0.00169	-0.00235	1	0.00086	-0.00169	-0.00086	1
4.8	0.01222391	-0.00527952	0.30956326	0.99999	0.0038	-0.00044	-0.0038	0.99999	0.00066	0.00044	-0.00066	1
4.9	0.01163067	-0.00502201	0.30954855	0.99999	0.00482	0.00124	-0.00482	0.99999	0.00168	-0.00123	-0.00169	1
5	0.010947	-0.00549593	0.30968207	0.99998	0.00554	0.00345	-0.00555	0.99998	0.00292	-0.00344	-0.00294	0.99999
5.1	0.01115324	-0.00615801	0.30955797	0.99998	0.00583	0.00104	-0.00583	0.99998	0.00227	-0.00103	-0.00228	1
5.2	0.01036371	-0.00665877	0.30954754	0.99998	0.00494	0.00295	-0.00495	0.99998	0.00271	-0.00293	-0.00272	0.99999
5.3	0.01035806	-0.00692828	0.309978	1	-0.002	-0.00202	0.00201	1	0.00173	0.00202	-0.00173	1
5.4	0.01138764	-0.00698387	0.31154908	0.99988	-0.00426	-0.01466	0.00432	0.99998	0.00366	0.01464	-0.00372	0.99989
5.5	0.0123662	-0.00648935	0.31345662	0.99978	-0.00246	-0.02099	0.00257	0.99998	0.00519	0.02097	-0.00524	0.99977
5.6	0.01252088	-0.00670897	0.31925521	0.9999	-0.00506	-0.01332	0.00524	0.99989	0.01371	0.01325	-0.01377	0.99982
5.7	0.01253584	-0.00737541	0.32961334	0.99997	-0.00784	-0.00075	0.00786	0.99978	0.01945	0.0006	-0.01945	0.99981
5.8	0.01435335	-0.00879002	0.34160932	0.99999	-0.00399	-0.00048	0.004	0.99975	0.02183	0.0004	-0.02183	0.99976
5.9	0.01770691	-0.00989237	0.35395899	0.99998	-0.00329	-0.0053	0.0034	0.99975	0.02198	0.00523	-0.022	0.99974
6	0.02255967	-0.00947852	0.36485836	0.99982	-0.00423	-0.01837	0.00456	0.99983	0.01763	0.0183	-0.01771	0.99968
6.1	0.02891504	-0.00756014	0.37560443	0.99933	-0.01054	-0.03506	0.01083	0.99991	0.00812	0.03497	-0.00849	0.99935
6.2	0.03644506	-0.0045612	0.38682973	0.9984	-0.01421	-0.05477	0.01376	0.99987	-0.00857	0.05489	0.0078	0.99846
6.3	0.04362564	-0.00030115	0.39870286	0.99759	-0.01262	-0.06827	0.01066	0.99952	-0.02892	0.0686	0.02812	0.99725
6.4	0.04939425	0.0040639	0.4120411	0.99743	-0.00972	-0.07104	0.0068	0.99913	-0.04123	0.07138	0.04064	0.99662
6.5	0.05299352	0.00713809	0.42867968	0.99774	-0.00456	-0.06708	0.0022	0.99938	-0.03511	0.06719	0.03488	0.99713
6.6	0.0534681	0.00720354	0.44619556	0.99865	0.00744	-0.05133	-0.00778	0.99995	-0.00657	0.05128	0.00696	0.99866
6.7	0.05162678	0.00464403	0.46398282	0.99932	0.00782	-0.03604	-0.00685	0.99961	0.02699	0.03623	-0.02673	0.99899
6.8	0.04914624	0.0000236	0.48304439	0.99957	0.00645	-0.02875	-0.00486	0.99847	0.05512	0.02906	-0.05496	0.99807
6.9	0.04671356	-0.00606744	0.50387004	0.99946	0.01404	-0.02972	-0.01174	0.99702	0.07622	0.0307	-0.07583	0.99665
7	0.04476575	-0.01126477	0.52755176	0.99907	0.0209	-0.03783	-0.01764	0.99627	0.0845	0.03945	-0.08375	0.99571
7.1	0.04255207	-0.01418264	0.5550716	0.99924	0.01418	-0.03618	-0.0112	0.99662	0.08135	0.03721	-0.08088	0.99603
7.2	0.0402944	-0.01532317	0.58570451	0.99913	-0.00093	-0.04178	0.00396	0.99736	0.07257	0.0416	-0.07267	0.99649
7.3	0.03964916	-0.01445223	0.61751688	0.99817	-0.00809	-0.05998	0.01167	0.99816	0.05946	0.05939	-0.06005	0.99643
7.4	0.04068015	-0.01175477	0.64768648	0.99597	-0.0158	-0.08825	0.01937	0.99902	0.03976	0.08754	-0.04131	0.9953
7.5	0.04136036	-0.00814203	0.67588033	0.99395	-0.02623	-0.10667	0.02982	0.99904	0.03219	0.10572	-0.03517	0.99377
7.6	0.04049949	-0.00271804	0.70447838	0.99301	-0.03212	-0.11354	0.03496	0.99912	0.02311	0.1127	-0.02692	0.99326
7.7	0.03760967	0.0043303	0.73460373	0.9929	-0.03837	-0.11259	0.03933	0.99921	0.0063	0.11226	-0.01069	0.99362
7.8	0.03339192	0.01264049	0.76499931	0.99214	-0.05751	-0.11115	0.0558	0.99827	-0.01841	0.11202	0.01206	0.99363
7.9	0.02813133	0.02324351	0.7946282	0.99092	-0.07808	-0.10942	0.07235	0.99584	-0.05534	0.11328	0.04692	0.99245
8	0.01924484	0.03410171	0.82392547	0.99209	-0.08931	-0.08816	0.08164	0.99285	-0.08704	0.0953	0.07915	0.9923
8.1	0.00750977	0.04406091	0.85541501	0.99367	-0.09639	-0.05767	0.08941	0.98953	-0.11332	0.06799	0.10744	0.99188
8.2	-0.00348501	0.05123418	0.89050858	0.9938	-0.10448	-0.03794	0.09956	0.98846	-0.11421	0.04944	0.10973	0.99273
8.3	-0.01351264	0.05414536	0.9278392	0.99468	-0.09909	-0.0282	0.0962	0.9913	-0.08977	0.03685	0.08658	0.99556
8.4	-0.02380967	0.05454653	0.9670463	0.99678	-0.0755	-0.02699	0.07356	0.99506	-0.06671	0.03189	0.06451	0.99741
8.5	-0.03606116	0.05306255	1.01168521	0.99841	-0.0544	-0.01461	0.05372	0.99762	-0.04328	0.01693	0.04242	0.99896
8.6	-0.05078028	0.04759642	1.06171295	0.999	-0.04264	0.01312	0.04282	0.99898	-0.01424	-0.0125	0.01478	0.99981
8.7	-0.06619369	0.03907434	1.11653081	0.99924	-0.02424	0.03054	0.02384	0.99962	0.01355	-0.03086	-0.01281	0.99944
8.8	-0.08030433	0.03137084	1.17682012	0.99974	-0.00175	0.02255	0.00111	0.99959	0.02857	-0.02259	-0.02854	0.99934
8.9	-0.09379718	0.02560666	1.23951168	0.99961	0.0043	0.02756	-0.00527	0.99937	0.0352	-0.02739	-0.03533	0.999
9	-0.10536557	0.02254985	1.29920145	0.99907	-0.00613	0.04272	0.00482	0.99952	0.03058	-0.04289	-0.03035	0.99862
9.1	-0.11245392	0.02093204	1.35387259	0.99944	-0.01813	0.02823	0.01749	0.99959	0.02284	-0.02863	-0.02234	0.99934
9.2	-0.11512234	0.01996647	1.40066687	0.99991	-0.0064	0.01211	0.00608	0.99965	0.02581	-0.01227	-0.02574	0.99959
9.3	-0.11217751	0.01999734	1.44003096	0.99939	0.02256	-0.02652	-0.02153	0.99902	0.03863	0.02737	-0.03804	0.9989
9.4	-0.10549016	0.02032623	1.474675	0.99708	0.04913	-0.05848	-0.04603	0.99752	0.05329	0.06095	-0.05044	0.99687
9.5	-0.10097054	0.02004057	1.50499396	0.99716	0.0534	-0.05313	-0.05059	0.99732	0.0529	0.05581	-0.05007	0.99719
9.6	-0.0996227	0.02084706	1.53634328	0.99842	0.03548	-0.04362	-0.03334	0.99825	0.04876	0.04527	-0.04723	0.99786
9.7	-0.09860171	0.02023016	1.57290738	0.99907	0.03191	-0.02906	-0.02998	0.99748	0.06433	0.03104	-0.0634	0.99751
9.8	-0.09624686	0.01570888	1.61217234	0.99911	0.03889	-0.01633	-0.03723	0.99507	0.0919	0.01982	-0.09121	0.99563
9.9	-0.0950916	0.01062606	1.65124814	0.99895	0.04589	0.00149	-0.04578	0.99285	0.11024	0.00358	-0.11019	0.9939
10	-0.0954307	0.00906583	1.68463562	0.99853	0.05358	0.00763	-0.05408	0.99349	0.10029	-0.00221	-0.10055	0.99493
10.1	-0.0947008	0.00823658	1.70772269	0.99882	0.04723	0.01124	-0.04799	0.99557	0.08091	-0.00737	-0.08136	0.99666
10.2	-0.08897178	0.0071801	1.72146071	0.99917	0.02775	0.02983	-0.02927	0.99823	0.05174	-0.02834	-0.05257	0.99822
10.3	-0.07394807	0.00344516	1.73226335	0.99936	0.0123	0.03373	-0.01347	0.99931	0.03471	-0.03328	-0.03514	0.99883
10.4	-0.05211837	-0.00216478	1.74570442	0.99931	0.00667	0.03656	-0.00779	0.9995	0.03052	-0.03634	-0.03078	0.99887
10.5	-0.02478133	-0.00832613	1.76170598	0.99947	0.0207	0.02498	-0.02179	0.9988	0.04392	-0.02404	-0.04445	0.99872
10.6	0.00396859	-0.01311781	1.77220131	0.999	0.0362	0.02624	-0.03763	0.99772	0.05601	-0.02416	-0.05694	0.99809
10.7	0.0357256	-0.01498001	1.77491806	0.99873	0.04034	0.03029	-0.04229	0.99688	0.06667	-0.0275	-0.06787	0.99732
10.8	0.07216501	-0.01434496	1.77571448	0.99889	0.03511	0.03129	-0.03727	0.99676	0.0713	-0.02868	-0.07239	0.99696
10.9	0.11228413	-0.01014391	1.77700978	0.99934	0.02623	0.02506	-0.02796	0.99706	0.07129	-0.02312	-0.07194	0.99714
11	0.15399822	-0.00407741	1.7803528	0.9994	0.01939	0.02861	-0.02132	0.9974	0.06889	-0.0272	-0.06946	0.99721
11.1	0.19713148	0.00079711	1.78671049	0.99981	0.01383	0.01337	-0.01477	0.99725	0.07266	-0.01233	-0.07284	0.99727
11.2	0.23926586	0.00308459	1.79142304	0.99993	0.01178	-0.00052	-0.0117	0.99669	0.08043	0.00147	-0.08042	0.99676
11.3	0.27980893	0.00297698	1.79264129	0.99985	0.01706	9.00E-05	-0.017	0.99592	0.0886	0.00143	-0.08859	0.99607
11.4	0.32211192	0.00174632	1.79151087	0.99982	0.01508	-0.01117	-0.01409	0.99636	0.08412	0.01239	-0.08395	0.99639
11.5	0.36726878	-0.00034729	1.78925137	0.99963	0.00248	-0.02694	-0.00054	0.99742	0.07183	0.02705	-0.07179	0.99705
11.6	0.41509197	-0.00264403	1.78890745	0.9992	-0.01086	-0.0384	0.01296	0.99841	0.0548	0.03774	-0.05526	0.99776
11.7	0.46558569	-0.00622443	1.79159252	0.99829	-0.0226	-0.05395	0.02464	0.999	0.03732	0.05305	-0.03858	0.99785
11.8	0.51680458	-0.01044784	1.79654006	0.99783	-0.03438	-0.05609	0.03577	0.99907	0.02394	0.05521	-0.02589	0.99814
11.9	0.56693681	-0.01286493	1.8004211	0.99727	-0.048	-0.05602	0.04851	0.99879	0.0077	0.05559	-0.01039	0.9984
12	0.61679889	-0.01309694	1.80237467	0.99597	-0.06043	-0.06624	0.05997	0.99816	-0.00893	0.06666	0.00492	0.99776
12.1	0.66697312	-0.01344891	1.80147394	0.99591	-0.05079	-0.07475	0.04983	0.99865	-0.01467	0.0754	0.01089	0.99709
12.2	0.71717786	-0.01483498	1.79783794	0.99703	-0.02966	-0.07114	0.02944	0.99956	-0.00423	0.07123	0.00213	0.99746
12.3	0.76817551	-0.01578203	1.79481624	0.99781	-0.00988	-0.06536	0.01065	0.99988	0.01142	0.06524	-0.01209	0.9978
12.4	0.81967382	-0.01404588	1.79546979	0.99784	-0.00476	-0.0655	0.00583	0.99985	0.01625	0.06541	-0.0166	0.99772
12.5	0.87028528	-0.01352099	1.79891397	0.99821	-0.01385	-0.05816	0.01473	0.99978	0.01475	0.05794	-0.01558	0.9982
12.6	0.92100707	-0.01555644	1.80260688	0.99856	-0.01946	-0.05002	0.02023	0.99968	0.0149	0.04971	-0.01589	0.99864
12.7	0.97255439	-0.01984934	1.80519269	0.99843	-0.01921	-0.05265	0.01994	0.99971	0.01347	0.05238	-0.0145	0.99852
12.8	1.02427909	-0.02723645	1.80401056	0.99805	-0.01323	-0.06099	0.01401	0.99982	0.01241	0.06081	-0.01324	0.99806
12.9	1.07469058	-0.03658131	1.8007601	0.99834	0.00049	-0.05759	0.00013	0.99994	0.01072	0.0576	-0.01071	0.99828
13	1.12273927	-0.04652006	1.79839229	0.9986	0.02326	-0.04752	-0.02321	0.99973	0.00157	0.04755	-0.00046	0.99887
13.1	1.16913319	-0.05671835	1.80061878	0.99777	0.05702	-0.03484	-0.05728	0.99834	-0.00664	0.0344	0.00862	0.99937
13.2	1.21397805	-0.0650039	1.80744368	0.99517	0.09457	-0.02639	-0.09507	0.9953	-0.01818	0.02455	0.02061	0.99949
13.3	1.25625149	-0.06864708	1.81339643	0.99046	0.13659	-0.01838	-0.13722	0.98977	-0.03898	0.01287	0.04113	0.99907
13.4	1.29568072	-0.06675988	1.81590063	0.98484	0.17337	-0.00535	-0.17339	0.98309	-0.05885	-0.00495	0.05888	0.99825
13.5	1.33451714	-0.06016977	1.81567595	0.97679	0.21407	0.00759	-0.21284	0.97394	-0.07833	-0.02416	0.07489	0.9969
13.6	1.3740485	-0.04992882	1.81301438	0.96667	0.25516	0.02102	-0.25243	0.9636	-0.088	-0.04271	0.07976	0.9959
13.7	1.41539666	-0.03756592	1.81019339	0.95514	0.29436	0.03258	-0.29057	0.95269	-0.08916	-0.05728	0.0757	0.99548
13.8	1.45659333	-0.02263789	1.80968665	0.94588	0.32187	0.04127	-0.3171	0.9438	-0.0932	-0.06895	0.07506	0.99479
13.9	1.49660917	-0.00688224	1.81116061	0.935	0.3521	0.04235	-0.34646	0.9324	-0.10297	-0.07575	0.08161	0.99378
14	1.53298518	0.01085554	1.81064355	0.91753	0.39462	0.04911	-0.38697	0.91446	-0.11835	-0.09161	0.08959	0.99176
14.1	1.56944547	0.02732895	1.8109842	0.89339	0.44645	0.05031	-0.43801	0.89043	-0.12363	-0.09999	0.08841	0.99105
14.2	1.6063541	0.04349327	1.81093185	0.85815	0.51193	0.0388	-0.50368	0.85414	-0.12944	-0.09941	0.09154	0.99083
14.3	1.6427812	0.0589854	1.80919382	0.80992	0.58518	0.03997	-0.57587	0.80627	-0.13527	-0.11139	0.08654	0.99
14.4	1.67754786	0.07538372	1.80666851	0.76212	0.64634	0.03759	-0.63504	0.75757	-0.15104	-0.1261	0.09124	0.98781
14.5	1.70872316	0.09338776	1.80412726	0.70686	0.7065	0.03477	-0.69193	0.70081	-0.17346	-0.14692	0.09855	0.98423
14.6	1.7346372	0.11323459	1.80276353	0.64882	0.76049	0.02618	-0.74241	0.6402	-0.19741	-0.16689	0.10865	0.97997
14.7	1.75559358	0.13388302	1.80208145	0.59063	0.80687	0.01108	-0.7872	0.57914	-0.21192	-1.77E-01	0.11644	0.97722
14.8	1.77178218	0.15406378	1.80071566	0.5337	0.84565	0.00616	-0.82594	0.52279	-0.21096	-0.18162	0.1075	0.97748
14.9	1.78390766	0.1763524	1.79937902	0.47803	0.87834	-0.0014	-0.86059	0.46805	-0.20081	-0.17572	0.0972	0.97963
15	1.79189098	0.20030617	1.79818788	0.41998	0.90749	-0.00833	-0.89221	0.4112	-0.18673	-0.16603	0.08586	0.98238
15.1	1.79834529	0.224851	1.79710354	0.36281	0.93174	-0.01541	-0.92018	0.3556	-0.16373	-0.14707	0.07358	0.98639
15.2	1.80260279	0.24990716	1.79770152	0.3069	0.95166	-0.01272	-0.94378	0.30258	-0.13314	-0.12285	0.05287	0.99102
15.3	1.8044569	0.27302393	1.79920529	0.25255	0.96758	-0.00109	-0.96188	0.25094	-0.10873	-0.10493	0.02851	0.99407
15.4	1.80659954	0.29292149	1.79882591	0.22062	0.97524	0.01533	-0.97064	0.22107	-0.09474	-0.09578	0.00602	0.99538
15.5	1.81055927	0.31233566	1.79558059	0.19492	0.9805	0.02493	-0.97681	0.19636	-0.08539	-0.08862	-0.00771	0.99604
15.6	1.81850447	0.33281393	1.78941342	0.16988	0.98521	0.02247	-0.98236	0.1711	-0.07547	-0.0782	-0.00925	0.9969
15.7	1.83020986	0.35417807	1.7782929	0.14195	0.98958	0.02425	-0.98783	0.14319	-0.06079	-0.06363	-0.01532	0.99786
15.8	1.84437395	0.3765194	1.76105404	0.11847	0.99263	0.02565	-0.99164	0.1196	-0.0484	-0.05111	-0.0197	0.9985
15.9	1.8601094	0.39958173	1.73652903	0.09889	0.99484	0.02268	-0.9941	0.09979	-0.04257	-0.04461	-0.01834	0.99884
16	1.87837009	0.42357712	1.70941516	0.07947	0.99677	0.01193	-0.99635	0.0798	-0.0303	-0.03116	-0.00948	0.99947
16.1	1.89687682	0.44812533	1.68192729	0.05972	0.9982	-0.00557	-0.99814	0.05965	-0.01229	-0.01194	0.00629	0.99991
16.2	1.91116888	0.47149512	1.6495234	0.03744	0.99928	-0.00629	-0.9993	0.03743	-0.00079	-0.00055	0.00632	0.99998
16.3	1.92068395	0.49373832	1.61437896	0.02416	0.99964	0.01153	-0.99969	0.02409	0.0061	0.00582	-0.01167	0.99991
16.4	1.92575292	0.51770728	1.57974134	0.01955	0.99956	0.02229	-0.99976	0.01932	0.01034	0.0099	-0.02248	0.9997
16.5	1.92660356	0.5445065	1.54782578	0.02068	0.99954	0.0223	-0.99974	0.02046	0.01017	0.00971	-0.0225	0.9997
16.6	1.92410722	0.5729293	1.51603278	0.02488	0.99929	0.02835	-0.99963	0.02454	0.01199	0.01129	-0.02864	0.99953
16.7	1.91742528	0.60278736	1.48334963	0.02842	0.99858	0.04497	-0.99951	0.0278	0.01438	0.01311	-0.04535	0.99888
16.8	1.9083551	0.6345054	1.45270961	0.02594	0.99775	0.06183	-0.99955	0.02497	0.0165	0.01491	-0.06223	0.99795
16.9	1.90081982	0.66688355	1.42210524	0.03341	0.997	0.06987	-0.99943	0.03292	0.00809	0.00576	-0.0701	0.99752
17	1.89944312	0.69929429	1.38903752	0.04094	0.99692	0.06685	-0.99915	0.04059	0.00658	0.00385	-0.06706	0.99774
17.1	1.90497204	0.73143103	1.35549214	0.03215	0.99767	0.06013	-0.99942	0.03143	0.01281	0.01089	-0.06051	0.99811
17.2	1.9142561	0.76138549	1.32058407	0.0225	0.99801	0.05895	-0.99965	0.02163	0.01543	0.01413	-0.05928	0.99814
17.3	1.92518493	0.79056781	1.28875544	0.01278	0.99843	0.0546	-0.99985	0.0121	0.01274	0.01206	-0.05476	0.99843
17.4	1.93715109	0.82150102	1.26941942	0.0002	0.99862	0.05244	-0.99991	-0.00049	0.01305	0.01306	-0.05244	0.99854
17.5	1.94878097	0.85738318	1.26380771	-0.00951	0.99925	0.03745	-0.99992	-0.00983	0.00848	0.00884	-0.03736	0.99926
17.6	1.95732508	0.89702901	1.25972488	-0.02022	0.99968	0.01552	-0.99979	-0.02028	0.00331	0.00362	-0.01544	0.99987
17.7	1.96103179	0.93564883	1.24501753	-0.03213	0.99948	-0.0021	-0.99948	-0.03213	-0.00112	-0.00119	0.00207	1
17.8	1.96070602	0.97295825	1.21758138	-0.02212	0.99974	-0.00516	-0.9997	-0.02217	-0.01032	-0.01043	0.00493	0.99993
17.9	1.95659715	1.01613679	1.18419042	-0.01146	0.9988	-0.04752	-0.99981	-0.0122	-0.01542	-0.01599	0.04733	0.99875
18	1.95074202	1.06177462	1.15381303	0.00049	0.99636	-0.0852	-0.99996	-0.00031	-0.00937	-0.00936	0.0852	0.99632
18.1	1.94379036	1.10575541	1.13088682	0.02256	0.9915	-0.12814	-0.99973	0.02174	-0.00779	-0.00493	0.12828	0.99173
18.2	1.93389476	1.14484867	1.12170935	0.03281	0.98879	-0.1457	-0.99946	0.03271	-0.00305	0.00175	0.14572	0.98932
18.3	1.92074905	1.18156734	1.12486636	0.02318	0.98865	-0.14847	-0.99969	0.02434	0.00596	0.0095	0.14828	0.9889
18.4	1.91208106	1.21868589	1.13756233	0.01386	0.9876	-0.15638	-0.99952	0.01802	0.02524	0.02775	0.15596	0.98737
18.5	1.90839416	1.25508333	1.14883458	0.01754	0.98771	-0.15528	-0.99937	0.02209	0.02762	0.03071	0.1547	0.98748
18.6	1.91152824	1.28976794	1.1580896	0.01021	0.988	-0.15409	-0.99938	0.01527	0.03168	0.03365	0.15367	0.98755
18.7	1.92016916	1.32004986	1.17538405	-0.00661	0.99024	-0.1392	-0.99944	-0.00197	0.03346	0.03286	0.13934	0.9897
18.8	1.93031959	1.34380561	1.21084007	-0.01632	0.99429	-0.10548	-0.99946	-0.01319	0.03022	0.02865	0.10592	0.99396
18.9	1.93799628	1.36459106	1.26013508	-0.02791	0.99748	-0.06524	-0.99928	-0.02616	0.02758	0.0258	0.06596	0.99749
19	1.94317616	1.38912403	1.31343654	-0.04387	0.99781	-0.04944	-0.99881	-0.04276	0.02332	0.02115	0.05041	0.9985
19.1	1.94368945	1.41180176	1.35826803	-0.04318	0.99878	-0.02397	-0.9989	-0.04272	0.01936	0.01831	0.02478	0.99953
19.2	1.93739781	1.43596122	1.39920407	-0.04639	0.99892	0.00331	-0.99888	-0.04642	0.00922	0.00936	-0.00287	0.99995
19.3	1.92720101	1.46703627	1.44580037	-0.05372	0.99856	0.00043	-0.99853	-0.05372	0.00732	0.00733	-4.00E-05	0.99997
19.4	1.91522081	1.49876626	1.497167	-0.0472	0.99883	0.01052	-0.99888	-0.04722	0.00162	0.00211	-0.01043	0.99994
19.5	1.90527445	1.52790925	1.55066312	-0.03506	0.99892	0.03062	-0.99938	-0.035	-0.00226	-0.00118	-0.03068	0.99953
19.6	1.90042554	1.55801845	1.60529559	-0.04161	0.99861	0.03228	-0.99913	-0.04166	0.00094	0.00228	-0.03222	0.99948
19.7	1.90078953	1.59135623	1.66039702	-0.04749	0.99871	0.01807	-0.99883	-0.04763	0.00774	0.00859	-0.01768	0.99981
19.8	1.90247483	1.6258006	1.70988204	-0.045	0.99894	0.00933	-0.99893	-0.0451	0.01027	0.01068	-0.00886	0.9999
19.9	1.90400165	1.658388	1.75287848	-0.04648	0.99877	0.01736	-0.99891	-0.04655	0.00398	0.00479	-0.01715	0.99984
20	1.90676005	1.69062541	1.7925871	-0.0666	0.99775	0.00823	-0.99778	-0.06662	0.00164	0.00218	-0.0081	0.99996
20.1	1.91112921	1.71881873	1.82896581	-0.09597	0.9953	0.0131	-0.99533	-0.0961	0.00966	0.01087	-0.01212	0.99987
20.2	1.91343141	1.74084465	1.85983058	-0.10485	0.99396	0.03253	-0.99442	-0.10517	0.00847	0.01184	-0.03146	0.99943
20.3	1.91243239	1.76022035	1.88400965	-0.12367	0.99145	0.04151	-0.99218	-0.12425	0.01172	0.01678	-0.03974	0.99907
20.4	1.90634926	1.77772904	1.90399575	-0.16696	0.98521	0.0385	-0.98567	-0.16773	0.01773	0.02393	-0.03499	0.9991
20.5	1.89611886	1.79479869	1.91884944	-0.22184	0.9745	0.03364	-0.97452	-0.22275	0.02633	0.03315	-0.02695	0.99909
20.6	1.88053373	1.810267	1.92731546	-0.28823	0.95652	0.04455	-0.95664	-0.28968	0.03049	0.04207	-0.03383	0.99854
20.7	1.86104018	1.82303716	1.93106087	-0.34987	0.93426	0.06895	-0.93496	-0.35285	0.03676	0.05867	-0.0516	0.99694
20.8	1.8413803	1.83595641	1.93316311	-0.41384	0.90607	0.08815	-0.90728	-0.41845	0.04164	0.07461	-0.06274	0.99524
20.9	1.82010216	1.84480606	1.93316871	-0.4793	0.87054	0.11151	-0.87323	-0.48576	0.03889	0.08802	-0.07873	0.993
21	1.79832883	1.8560056	1.93470566	-0.55399	0.8223	0.13008	-0.82669	-0.56181	0.03072	0.09834	-0.09052	0.99103
21.1	1.77605525	1.87081825	1.93536948	-0.62519	0.76961	0.12975	-0.7741	-0.63266	0.0227	0.09956	-0.08625	0.99129
21.2	1.75318858	1.88678753	1.93486469	-0.68786	0.7129	0.13646	-0.71904	-0.69494	0.00604	0.09914	-0.09397	0.99063
21.3	1.72844393	1.90354169	1.93397778	-0.74851	0.64874	0.13733	-0.65712	-0.75346	-0.02227	0.08903	-0.10691	0.99027
21.4	1.70069779	1.91691985	1.93178779	-0.80212	0.58161	0.13537	-0.59266	-0.80313	-0.06117	0.07314	-0.12929	0.98891
21.5	1.67185114	1.92726449	1.9288463	-0.84681	0.51547	0.13114	-0.5287	-0.8427	-0.1016	0.05815	-0.15537	0.98614
21.6	1.64122683	1.93560369	1.92475219	-0.88911	0.44267	0.11632	-0.45571	-0.87986	-0.13479	0.04268	-0.17285	0.98402
21.7	1.61097818	1.93864257	1.92192372	-0.92627	0.36226	0.10383	-0.37519	-0.91234	-0.16394	0.03534	-0.19081	0.98099
21.8	1.58144078	1.94360951	1.91708546	-0.95261	0.29015	0.0914	-0.30202	-0.93798	-0.17024	0.03633	-0.18978	0.98115
21.9	1.54923974	1.94349088	1.91009726	-0.96993	0.22774	0.0859	-0.23982	-0.9545	-0.17727	0.04161	-0.19254	0.98041
22	1.51471517	1.93740485	1.90134566	-0.98013	0.17909	0.08523	-0.19223	-0.96358	-0.18591	0.04883	-0.1986	0.97886
22.1	1.47831667	1.9273559	1.8915921	-0.98711	0.13341	0.08841	-0.1482	-0.97049	-0.19024	0.06042	-0.20089	0.97775
22.2	1.4412774	1.91934386	1.87955391	-0.99033	0.09465	0.10141	-0.11177	-0.97744	-0.17919	0.08217	-0.1888	0.97857
22.3	1.40371562	1.9177358	1.86267186	-0.99252	0.05595	0.10849	-0.07301	-0.98438	-0.16022	0.09783	-0.16694	0.9811
22.4	1.36463308	1.9205131	1.84460005	-0.99362	0.03119	0.1084	-0.04627	-0.98915	-0.13945	0.10288	-0.14358	0.98428
22.5	1.32696126	1.92683183	1.82393315	-0.99412	0.01557	0.10714	-0.02831	-0.99256	-0.11842	0.10449	-0.12076	0.98717
22.6	1.29002971	1.93626855	1.79771444	-0.99375	-0.00608	0.11146	-0.00468	-0.99537	-0.09603	0.11152	-0.09595	0.98912
22.7	1.25168071	1.9478929	1.76373655	-0.99376	-0.02965	0.10751	0.02201	-0.99719	-0.07157	0.10933	-0.06876	0.99162
22.8	1.21243056	1.9589199	1.72163649	-0.99402	-0.06054	0.09084	0.05509	-0.99659	-0.06143	0.09425	-0.05606	0.99397
22.9	1.17393176	1.96716808	1.67987838	-0.99137	-0.09759	0.08748	0.09321	-0.99424	-0.05282	0.09214	-0.04421	0.99476
23	1.13489705	1.97509377	1.64113653	-0.99003	-0.11968	0.07432	0.11696	-0.99234	-0.03985	0.07852	-0.03076	0.99644
23.1	1.09765474	1.98041927	1.60404456	-0.98699	-0.14612	0.06702	0.14424	-0.98902	-0.03208	0.07098	-0.02199	0.99724
23.2	1.06350032	1.98399638	1.56792283	-0.98652	-0.15026	0.06478	0.14888	-0.98852	-0.02558	0.06788	-0.01559	0.99757
23.3	1.0311101	1.98500416	1.52889319	-0.98622	-0.15251	0.06404	0.15163	-0.98827	-0.01838	0.06609	-0.00842	0.99778
23.4	0.99745283	1.98318432	1.4866796	-0.9845	-0.16184	0.06756	0.16159	-0.98682	-0.0092	0.06816	0.00186	0.99767
23.5	0.95788703	1.97593916	1.44958996	-0.98556	-0.16222	0.04857	0.1622	-0.98675	-0.00439	0.04864	0.00355	0.99881
23.6	0.91536559	1.96468404	1.42304481	-0.98941	-0.1423	0.02865	0.14214	-0.98982	-0.00744	0.02942	-0.00329	0.99956
23.7	0.87388104	1.95231879	1.40307683	-0.99126	-0.13072	0.01769	0.13061	-0.99141	-0.00687	0.01844	-0.0045	0.99982
23.8	0.83329165	1.94161765	1.3866169	-0.9925	-0.12222	0.00333	0.1222	-0.99248	-0.00679	0.00414	-0.00633	0.99997
23.9	0.79539384	1.93746008	1.36788923	-0.99335	-0.11388	-0.01721	0.11403	-0.99344	-0.00814	-0.01617	-0.01005	0.99982
24	0.76129553	1.93877951	1.34523466	-0.99451	-0.09885	-0.03428	0.09912	-0.99506	-0.00617	-0.0335	-0.00953	0.99939
24.1	0.72780093	1.94413545	1.31807835	-0.99314	-0.09901	-0.06224	0.09926	-0.99506	-0.00096	-0.06184	-0.00713	0.99806
24.2	0.69914782	1.95135123	1.28433193	-0.99294	-0.10446	-0.05621	0.10426	-0.99453	0.00658	-0.05659	0.00067	0.9984
24.3	0.67090273	1.95780834	1.24988301	-0.99204	-0.10855	-0.06385	0.10775	-0.99405	0.01585	-0.06519	0.00884	0.99783
24.4	0.64439125	1.9648841	1.22946869	-0.98912	-0.13348	-0.06179	0.13152	-0.9907	0.03483	-0.06586	0.02632	0.99748
24.5	0.62363999	1.97355816	1.22126902	-0.98973	-0.13825	-0.03635	0.13688	-0.98987	0.03778	-0.0412	0.03242	0.99862
24.6	0.60433647	1.98388385	1.2252112	-0.99114	-0.13245	-0.00983	0.13198	-0.9905	0.03859	-0.01484	0.03695	0.99921
24.7	0.58206754	1.99490506	1.24015976	-0.99067	-0.13562	0.01374	0.13607	-0.98989	0.04	0.00818	0.04149	0.99911
24.8	0.55490783	2.00040189	1.25667085	-0.98767	-0.1559	0.01449	0.15639	-0.98674	0.04337	0.00754	0.0451	0.99895
24.9	0.53130193	2.00131726	1.26858994	-0.98269	-0.17945	0.04594	0.18168	-0.98208	0.05013	0.03612	0.05761	0.99769
25	0.50917417	1.99324101	1.27452367	-0.98466	-0.16219	0.06439	0.16555	-0.98489	0.05076	0.05519	0.06064	0.99663
25.1	0.48601759	1.98074261	1.29579657	-0.98793	-0.13205	0.08102	0.137	-0.98882	0.05885	0.07234	0.06924	0.99497
25.2	0.45687329	1.9688395	1.33721235	-0.98793	-0.13058	0.08339	0.13643	-0.98826	0.0688	0.07342	0.07935	0.99414
25.3	0.42073426	1.95726145	1.39056998	-0.9891	-0.13579	0.05699	0.13962	-0.98774	0.06975	0.04682	0.07695	0.99594
25.4	0.38667624	1.94661366	1.43339786	-0.99284	-0.10964	0.04734	0.11244	-0.99178	0.0611	0.04025	0.06599	0.99701
25.5	0.35384023	1.93926664	1.47010977	-0.99465	-0.09841	0.03129	0.09984	-0.99384	0.04811	0.02636	0.05098	0.99835
25.6	0.32043342	1.93869406	1.51948977	-0.99539	-0.09416	0.0183	0.09492	-0.99441	0.04625	0.01384	0.04778	0.99876
25.7	0.28589268	1.94219248	1.57747673	-0.99625	-0.08647	0.0015	0.08646	-0.99538	0.04188	-0.00213	0.04185	0.99912
25.8	0.25337011	1.94620401	1.63756848	-0.99613	-0.08702	0.01241	0.08739	-0.99563	0.03298	0.00949	0.03394	0.99938
25.9	0.22007675	1.94897964	1.69314023	-0.99489	-0.10012	0.0132	0.10037	-0.99474	0.0203	0.0111	0.02152	0.99971
26	0.18686219	1.95160195	1.73985899	-0.99368	-0.11175	0.01064	0.11195	-0.99351	0.01991	0.00835	0.02098	0.99975
26.1	0.15328873	1.952038	1.78006896	-0.99358	-0.11312	0.00283	0.11315	-0.99329	0.02389	0.00011	0.02405	0.99971
26.2	0.12129961	1.94916914	1.81168477	-0.99379	-0.11129	-0.00215	0.11118	-0.99341	0.02793	-0.00524	0.02752	0.99961
26.3	0.09370024	1.94396321	1.83978009	-0.99497	-0.09927	0.01355	0.09963	-0.99458	0.02962	0.01054	0.03082	0.99947
26.4	0.06649863	1.93673336	1.86630457	-0.99603	-0.08565	0.02404	0.08646	-0.99565	0.03483	0.02095	0.03677	0.9991
26.5	0.03888246	1.92785023	1.89085707	-0.99632	-0.07799	0.03568	0.07916	-0.99633	0.03256	0.03301	0.03527	0.99883
26.6	0.01108417	1.91995653	1.91172631	-0.99709	-0.06791	0.03472	0.06883	-0.99729	0.02588	0.03287	0.0282	0.99906
26.7	-0.01621987	1.91633224	1.92816811	-0.99722	-0.05618	0.04887	0.05715	-0.99819	0.01857	0.04774	0.02132	0.99863
26.8	-0.04630366	1.91809001	1.9388345	-0.9974	-0.04963	0.05216	0.05056	-0.99858	0.01673	0.05126	0.01932	0.9985
26.9	-0.07786224	1.92455641	1.94340072	-0.99639	-0.06132	0.05866	0.06249	-0.99788	0.01842	0.0574	0.02202	0.99811
27	-0.10984503	1.93435481	1.94594223	-0.99495	-0.07451	0.0673	0.07606	-0.99689	0.02083	0.06554	0.02585	0.99752
27.1	-0.14135716	1.9449288	1.94915049	-0.9917	-0.09712	0.08427	0.09908	-0.99489	0.01936	0.08196	0.02755	0.99625
27.2	-0.1748268	1.95415801	1.95308336	-0.98933	-0.11657	0.08735	0.11879	-0.9927	0.02073	0.08429	0.03089	0.99596
27.3	-0.2094677	1.961641	1.95266636	-0.98707	-0.13132	0.09194	0.1341	-0.99066	0.02471	0.08784	0.03672	0.99546
27.4	-0.24835488	1.96518731	1.94834221	-0.98754	-0.13528	0.08034	0.13804	-0.98998	0.02985	0.0755	0.04056	0.99632
27.5	-0.2884836	1.96511896	1.94131352	-0.9874	-0.13876	0.07609	0.14171	-0.98929	0.03487	0.07044	0.04521	0.99649
27.6	-0.32810135	1.96225264	1.93174768	-0.98839	-0.13204	0.07513	0.13516	-0.99009	0.03818	0.06935	0.04789	0.99644
27.7	-0.36610402	1.95693913	1.91971092	-0.9891	-0.12245	0.08174	0.12591	-0.99129	0.03852	0.07631	0.04839	0.99591
27.8	-0.40236265	1.95010879	1.90629101	-0.99024	-0.10738	0.08886	0.11135	-0.99293	0.04108	0.08382	0.05058	0.9952
27.9	-0.43721403	1.94195359	1.89240525	-0.99113	-0.09609	0.09177	0.10017	-0.99413	0.04091	0.0873	0.04974	0.99494
28	-0.47015616	1.93501017	1.87219591	-0.99185	-0.08222	0.09737	0.08606	-0.99564	0.03591	0.09399	0.044	0.9946
28.1	-0.50434773	1.93138538	1.84619191	-0.99115	-0.07648	0.10854	0.08032	-0.99627	0.03151	0.10573	0.03995	0.99359
28.2	-0.54576863	1.93216824	1.8190522	-0.99088	-0.08	0.10841	0.08356	-0.99609	0.02868	0.10569	0.03748	0.99369
28.3	-0.59348962	1.93653527	1.79115842	-0.99258	-0.08129	0.09048	0.08424	-0.99601	0.02929	0.08774	0.03669	0.99547
28.4	-0.64346231	1.94272232	1.76025918	-0.99345	-0.08974	0.07073	0.0919	-0.99538	0.02778	0.06791	0.0341	0.99711
28.5	-0.69176849	1.95039579	1.72607684	-0.99227	-0.10742	0.06218	0.10939	-0.99357	0.02913	0.05865	0.03571	0.99764
28.6	-0.73959448	1.95847079	1.69116328	-0.9905	-0.12736	0.05192	0.12956	-0.9907	0.0416	0.04614	0.04794	0.99778
28.7	-0.78713159	1.96262725	1.65749285	-0.98898	-0.14288	0.03866	0.14471	-0.98824	0.04941	0.03115	0.05446	0.99803
28.8	-0.83376236	1.96161615	1.62392495	-0.98948	-0.14268	0.02375	0.14374	-0.98827	0.05164	0.0161	0.05452	0.99838
28.9	-0.87756677	1.95595501	1.58853944	-0.99138	-0.12867	0.02453	0.12965	-0.99061	0.0435	0.0187	0.04631	0.99875
29	-0.92129425	1.94611741	1.54961686	-0.99313	-0.11593	0.01584	0.11642	-0.99259	0.03467	0.0117	0.03628	0.99927
29.1	-0.96507035	1.93528539	1.51064181	-0.99423	-0.10669	0.01107	0.10703	-0.99356	0.03727	0.00702	0.03824	0.99924
29.2	-1.00676776	1.92210792	1.47552925	-0.99549	-0.09342	0.01665	0.09392	-0.99507	0.03192	0.01358	0.03334	0.99935
29.3	-1.04446394	1.91063487	1.44493221	-0.99637	-0.07862	0.03253	0.0795	-0.99648	0.02672	0.03032	0.02921	0.99911
29.4	-1.08251836	1.90611039	1.41521362	-0.99665	-0.07848	0.0231	0.0791	-0.99648	0.0276	0.02085	0.02934	0.99935
29.5	-1.12022237	1.91122808	1.38929935	-0.99644	-0.08035	0.02535	0.08132	-0.99589	0.03987	0.02205	0.04179	0.99888
29.6	-1.15601297	1.92133703	1.36525806	-0.99611	-0.07874	0.03947	0.08068	-0.99548	0.05017	0.03534	0.05315	0.99796
29.7	-1.19078003	1.93527239	1.34152831	-0.99463	-0.08909	0.05275	0.09222	-0.99392	0.06016	0.04707	0.0647	0.99679
29.8	-1.2262155	1.95136369	1.32389571	-0.9922	-0.10611	0.06537	0.11063	-0.9914	0.06993	0.05739	0.07662	0.99541
29.9	-1.26457744	1.96635751	1.3187537	-0.99033	-0.12336	0.06341	0.12847	-0.98814	0.08412	0.05228	0.09145	0.99444
30	-1.30492813	1.9723054	1.31444258	-0.98848	-0.14669	0.03733	0.14955	-0.98456	0.09103	0.0234	0.09556	0.99515
30.1	-1.34258453	1.97072369	1.30562742	-0.98832	-0.14881	0.03289	0.15116	-0.98468	0.08697	0.01944	0.09092	0.99567
30.2	-1.37863172	1.96023943	1.3008004	-0.99064	-0.13444	0.02367	0.13585	-0.98792	0.07452	0.01337	0.07704	0.99694
30.3	-1.41680534	1.94464695	1.30641342	-0.99323	-0.11595	-0.00693	0.11527	-0.99126	0.06408	-0.0143	0.06285	0.99792
30.4	-1.45136735	1.92618234	1.32221712	-0.99388	-0.11045	-0.00324	0.11013	-0.99249	0.05318	-0.00909	0.0525	0.99858
30.5	-1.48171724	1.91051897	1.34722938	-0.99382	-0.1105	0.01074	0.11091	-0.99251	0.05129	0.00499	0.05216	0.99863
30.6	-1.51007386	1.90058054	1.37681586	-0.99302	-0.11525	0.02519	0.11651	-0.99162	0.05577	0.01855	0.05832	0.99813
30.7	-1.53683855	1.89457844	1.39925262	-0.99162	-0.12461	0.03404	0.12644	-0.99024	0.05863	0.0264	0.06244	0.9977
30.8	-1.56433345	1.88963065	1.42480622	-0.99134	-0.12661	0.03477	0.12827	-0.99045	0.05062	0.02803	0.05464	0.99811
30.9	-1.59163214	1.88781963	1.46075805	-0.99169	-0.12558	0.02776	0.12673	-0.99094	0.04449	0.02192	0.04764	0.99862
31	-1.61448615	1.89013542	1.5043308	-0.98754	-0.15267	0.03805	0.15426	-0.9871	0.0428	0.03103	0.04814	0.99836
31.1	-1.63396251	1.89409039	1.55191058	-0.98463	-0.16699	0.05118	0.16867	-0.9852	0.0305	0.04533	0.03866	0.99822
31.2	-1.65356663	1.90187465	1.60221318	-0.97933	-0.1906	0.06776	0.19248	-0.98105	0.02236	0.06222	0.03494	0.99745
31.3	-1.67699894	1.91225057	1.65395019	-0.97262	-0.2231	0.06506	0.22481	-0.9742	0.02006	0.05891	0.03413	0.99768
31.4	-1.70099872	1.92093014	1.70384819	-0.96728	-0.24651	0.06007	0.24787	-0.96866	0.01621	0.05419	0.03057	0.99806
31.5	-1.72407999	1.92594884	1.74953176	-0.96236	-0.26547	0.05817	0.2665	-0.96378	0.01064	0.05324	0.02575	0.99825
31.6	-1.74432674	1.92816367	1.78880987	-0.95979	-0.274	0.06104	0.27464	-0.96154	0.00228	0.05806	0.01895	0.99813
31.7	-1.76229509	1.9271159	1.82023814	-0.9561	-0.28483	0.06887	0.28533	-0.95843	-0.00271	0.06678	0.01706	0.99762
31.8	-1.77966695	1.92061435	1.84578903	-0.94809	-0.30768	0.08039	0.30779	-0.95139	-0.01127	0.07995	0.01406	0.9967
31.9	-1.79757184	1.90632018	1.86665011	-0.94212	-0.32479	0.08324	0.32317	-0.94578	-0.03261	0.08932	-0.00382	0.996
32	-1.81411439	1.88587365	1.88377779	-0.93367	-0.34523	0.09528	0.34035	-0.93812	-0.06392	0.11145	-0.02725	0.9934
32.1	-1.83030001	1.86241729	1.89802986	-0.92088	-0.37808	0.0951	0.36945	-0.9242	-0.09676	0.12448	-0.05397	0.99075
32.2	-1.84294676	1.83839977	1.90852098	-0.90382	-0.41504	0.1042	4.02E-01	-0.90689	-0.12678	0.14712	-0.07272	0.98644
32.3	-1.854231	1.81602108	1.91501871	-0.87772	-0.46431	0.11843	0.44693	-0.88239	-0.1471	0.1728	-0.07618	0.98201
32.4	-1.86728635	1.79433868	1.91951541	-0.84178	-0.52545	0.1237	0.50563	-0.84775	-0.1602	0.18904	-0.0723	0.9793
32.5	-1.8820728	1.77089117	1.92148956	-0.79659	-0.59232	0.12081	0.56995	-0.8025	-0.17646	0.20147	-0.07172	0.97687
32.6	-1.89786927	1.74643037	1.92139984	-0.75036	-0.64953	0.12274	0.62385	-0.75724	-0.19342	0.21857	-0.06856	0.97341
32.7	-1.91345089	1.72107565	1.92115444	-0.69483	-0.70773	0.12775	0.67761	-0.70378	-0.21342	0.24095	-0.06173	0.96857
32.8	-1.9279827	1.69494133	1.92115618	-0.63441	-0.7611	0.1351	0.72732	-0.64692	-0.22914	0.2618	-0.0471	0.96397
32.9	-1.93717624	1.66680832	1.92150753	-0.56446	-0.81402	0.13698	0.77802	-0.58009	-0.24121	0.27581	-0.02958	0.96076
33	-1.93999654	1.63604773	1.92007366	-0.48908	-0.86149	0.13653	0.82263	-0.50761	-0.25615	0.28998	-0.01296	0.95695
33.1	-1.94079554	1.60387764	1.91657651	-0.4199	-0.89754	0.13458	0.85824	-0.44091	-0.26272	0.29513	0.00519	0.95544
33.2	-1.94043226	1.56858097	1.91245724	-0.35982	-0.92381	0.13078	0.88628	-0.38223	-0.26157	0.29163	0.02179	0.95628
33.3	-1.93892671	1.53073632	1.90890025	-0.31274	-0.94132	0.1269	0.90779	-0.33553	-0.25167	0.27948	0.03649	0.95946
33.4	-1.93575694	1.49161968	1.90618875	-0.26617	-0.9557	0.12567	0.92638	-0.28965	-0.24067	0.26641	0.05236	0.96244
33.5	-1.9338797	1.45232406	1.90360751	-0.22841	-0.96673	0.11514	0.94155	-0.24943	-0.22643	0.24762	0.05669	0.9672
33.6	-1.93529988	1.41584388	1.89896374	-0.18302	-0.97677	0.11143	0.95612	-0.20323	-0.21104	0.22878	0.06792	0.97111
33.7	-1.94522577	1.38123229	1.89572381	-0.12182	-0.98758	0.09921	0.97369	-0.1383	-0.18113	0.1926	0.07453	0.97844
33.8	-1.9557768	1.33915353	1.89310105	-0.0714	-0.99468	0.0742	0.98379	-0.08249	-0.15924	0.16452	0.06162	0.98445
33.9	-1.97460053	1.29890979	1.88729535	-0.02812	-0.99786	0.05904	0.99093	-0.03559	-0.12954	0.13137	0.05486	0.98981
34	-1.995631	1.25691248	1.87822544	0.01646	-0.99897	0.04225	0.99508	0.01223	-0.0983	0.09769	0.04366	0.99426
34.1	-2.01665463	1.22073894	1.86746949	0.05164	-0.99724	0.05327	0.99616	0.04766	-0.07347	0.07073	0.05686	0.99587
34.2	-2.03664338	1.19071125	1.848864	0.08851	-0.99319	0.0758	0.9954	0.08539	-0.04349	0.03672	0.0793	0.99617
34.3	-2.05455767	1.16049141	1.82232243	0.14281	-0.98726	0.07018	0.98973	0.1429	-0.00368	-0.0064	0.06998	0.99753
34.4	-2.06787819	1.13255412	1.79331413	0.16346	-0.98242	0.09012	0.98568	0.16648	0.02698	-0.04151	0.08442	0.99557
34.5	-2.07196078	1.10423848	1.76049231	0.16809	-0.9797	0.10925	0.98427	0.17291	0.03619	-0.05435	0.10145	0.99335
34.6	-2.06750977	1.07542789	1.72179663	0.17534	-0.97597	0.1294	0.98296	0.1809	0.03248	-0.05511	0.1215	0.99106
34.7	-2.05589506	1.04170101	1.67720696	0.16218	-0.97845	0.12779	0.98583	0.16629	0.02215	-0.04292	0.12238	0.99155
34.8	-2.04029471	1.00461218	1.63207082	0.14916	-0.97995	0.13213	0.98834	0.15188	0.01069	-0.03055	0.12899	0.99118
34.9	-2.02338763	0.96401447	1.58743126	0.13946	-0.98231	0.12499	0.99009	0.1404	-0.00125	-0.01632	0.12393	0.99216
35	-2.0090801	0.92296821	1.54598718	0.12404	-0.98389	0.12878	0.99227	0.12351	-0.01216	-0.00394	0.12929	0.9916
35.1	-2.00144183	0.88129864	1.50576899	0.11598	-0.98606	0.11931	0.99324	0.11446	-0.01952	0.0056	0.12076	0.99267
35.2	-2.00074719	0.84168903	1.46645933	0.1016	-0.98726	0.12245	0.99477	0.09949	-0.02321	0.01073	0.12417	0.9922
35.3	-2.00599722	0.80306697	1.43511626	0.08369	-0.9891	0.12115	0.99641	0.08146	-0.0232	0.01308	0.12266	0.99236
35.4	-2.01725039	0.76565781	1.40891973	0.08943	-0.98799	0.12602	0.99593	0.08734	-0.02205	0.01077	0.12748	0.99178
35.5	-2.03466513	0.73051723	1.38774168	0.09798	-0.98559	0.13789	0.99519	0.09685	-0.01484	0.00127	0.13868	0.99034
35.6	-2.05320938	0.69466892	1.38152285	0.09818	-0.98513	0.14099	0.99509	0.09897	-0.00142	-0.01256	0.14044	0.99001
35.7	-2.06501527	0.65593223	1.38179851	0.11326	-0.9866	0.11743	0.99328	0.11529	0.01062	-0.02402	0.11544	0.99302
35.8	-2.06909166	0.62138189	1.37238194	0.11916	-0.98639	0.11334	0.99253	0.12137	0.01279	-0.02638	0.11096	0.99347
35.9	-2.06576613	0.59162573	1.35042708	0.09683	-0.98862	0.11512	0.99507	0.09865	0.01016	-0.0214	0.11357	0.9933
36	-2.05695796	0.5620768	1.32019826	0.08988	-0.99075	0.10164	0.99584	0.09092	0.00564	-0.01483	0.10071	0.9948
36.1	-2.0472832	0.5342708	1.29366291	0.09077	-0.991	0.09837	0.99579	0.09156	0.00355	-0.01253	0.09763	0.99514
36.2	-2.03783224	0.5060567	1.28802897	0.07941	-0.99272	0.09058	0.99667	0.08075	0.01118	-0.01841	0.08939	0.99583
