Time	Position X	Position Y	Position Z	Rotation[0]	Rotation[1]	Rotation[2]	Rotation[3]	Rotation[4]	Rotation[5]	Rotation[6]	Rotation[7]	Rotation[8]
0.1	0.03708617	0.01371759	0.30723244	1	1.90E-04	-0.00032	-1.90E-04	1	-2.30E-04	0.00032	2.30E-04	1
0.2	0.03704817	0.01361382	0.30724124	1	2.10E-04	-5.70E-04	-2.10E-04	1	-4.90E-04	5.70E-04	4.90E-04	1
0.3	0.03697283	0.01363976	0.30724206	1	3.10E-04	-0.00026	-3.10E-04	1	-7.10E-04	0.00026	7.10E-04	1
0.4	0.03693502	0.0136282	0.30718081	1	4.40E-04	-1.60E-04	-4.40E-04	1	-5.70E-04	1.60E-04	5.70E-04	1
0.5	0.03694228	0.01361294	0.30717193	1	3.90E-04	-0.00013	-3.90E-04	1	-6.30E-04	0.00013	6.30E-04	1
0.6	0.03690207	0.01360664	0.30718841	1	4.90E-04	-2.10E-04	-4.90E-04	1	-0.00068	2.10E-04	0.00068	1
0.7	0.03713154	0.01353876	0.30719276	1	4.10E-04	-4.00E-05	-4.10E-04	1	-0.00113	4.00E-05	0.00113	1
0.8	0.03729541	0.01346543	0.30705329	1	0.00037	0.00012	-0.00037	1	-0.00151	-0.00012	0.00151	1
0.9	0.03702254	0.01362309	0.30706752	1	2.40E-04	-1.00E-05	-2.40E-04	1	-0.00107	1.00E-05	0.00107	1
1	0.03699611	0.01361552	0.30707177	1	2.50E-04	4.00E-05	-2.50E-04	1	-0.00105	-4.00E-05	0.00105	1
1.1	0.03681642	0.01359752	0.3069648	1	-0.0003	3.00E-05	0.0003	1	-0.00084	-2.00E-05	0.00084	1
1.2	0.03685606	0.01355889	0.3069958	1	0.00022	-1.50E-04	-0.00023	1	-0.00092	1.50E-04	0.00092	1
1.3	0.03681812	0.01354735	0.30701363	1	0.00012	-2.90E-04	-0.00012	1	-0.00097	2.90E-04	0.00097	1
1.4	0.03685063	0.01351126	0.30698989	1	0.00013	-4.20E-04	-0.00014	1	-0.00114	4.20E-04	0.00114	1
1.5	0.0368499	0.01352815	0.30701163	1	0.00015	-3.90E-04	-0.00015	1	-0.00112	3.90E-04	0.00112	1
1.6	0.03684916	0.01353101	0.30699065	1	1.60E-04	-4.90E-04	-1.60E-04	1	-0.00101	4.90E-04	0.00101	1
1.7	0.03679996	0.0135389	0.3069855	1	0.00013	-3.60E-04	-0.00013	1	-0.00099	3.60E-04	0.00099	1
1.8	0.03680299	0.01352697	0.30698037	1	8.00E-05	-3.30E-04	-8.00E-05	1	-0.00096	3.30E-04	0.00096	1
1.9	0.03680079	0.01354942	0.30698177	1	0.00014	-4.20E-04	-0.00014	1	-0.00103	4.20E-04	0.00103	1
2	0.03678245	0.01351824	0.30697494	1	0.00011	-0.00035	-0.00011	1	-0.00106	0.00035	0.00106	1
2.1	0.03675374	0.01356829	0.30694492	1	0.0001	-3.80E-04	-0.0001	1	-0.0009	3.80E-04	0.0009	1
2.2	0.03679595	0.01356333	0.30698331	1	4.00E-05	-5.00E-04	-4.00E-05	1	-0.00094	5.00E-04	0.00094	1
2.3	0.03702649	0.01360168	0.30701709	1	0.00014	-1.13E-03	-0.00014	1	-0.001	1.13E-03	0.001	1
2.4	0.03768151	0.01395487	0.30731724	1	-0.00022	-2.66E-03	0.00021	1	-0.00162	2.66E-03	0.00162	1
2.5	0.04004518	0.01411238	0.30816389	0.99995	0.00267	-1.00E-02	-0.0027	0.99999	-0.00385	9.99E-03	0.00388	0.99994
2.6	0.04275067	0.01399316	0.30943194	0.99984	0.00936	-1.51E-02	-0.00944	0.99994	-0.00514	1.51E-02	0.00528	0.99987
2.7	0.04814953	0.01468819	0.31233804	0.99905	0.02562	-3.54E-02	-0.02573	0.99966	-0.00281	3.53E-02	0.00372	0.99937
2.8	0.05634187	0.01577257	0.32063418	0.99762	0.03359	-6.03E-02	-0.03395	0.99941	-0.00488	6.01E-02	0.00692	0.99817
2.9	0.05937305	0.01530992	0.33331319	0.99855	0.02771	-4.62E-02	-0.02805	0.99958	-0.00676	4.60E-02	0.00805	0.99891
3	0.05926009	0.01375781	0.34963266	0.99918	0.02799	-2.91E-02	-0.02848	0.99945	-0.01672	2.86E-02	0.01753	0.99944
3.1	0.05995315	0.01213982	0.3677625	0.99917	0.02547	-0.03177	-0.0261	0.99947	-1.96E-02	0.03125	2.04E-02	0.9993
3.2	0.06282279	0.0101156	0.38653542	0.9991	0.02496	-3.43E-02	-0.02592	0.99928	-2.77E-02	3.36E-02	2.86E-02	0.99903
3.3	0.07219437	0.00846491	0.40644158	0.99803	3.08E-02	-5.48E-02	-3.27E-02	0.99889	-0.03408	5.36E-02	0.0358	0.99792
3.4	0.08096324	0.0055829	0.4285435	0.99704	0.0346	-0.0687	-0.03643	0.99901	-2.56E-02	0.06775	2.80E-02	0.99731
3.5	0.0856339	0.00020913	0.45073004	0.99725	3.15E-02	-0.06702	-3.26E-02	0.99934	-1.57E-02	0.06648	1.78E-02	0.99763
3.6	0.08752201	-0.00648717	0.47330244	0.9978	2.85E-02	-0.05979	-2.91E-02	0.99954	-0.00858	0.05952	0.0103	0.99817
3.7	0.08962598	-0.01140675	0.49279552	0.9982	0.02457	-0.05471	-0.02521	0.99962	-1.09E-02	0.05442	1.23E-02	0.99844
3.8	0.09487903	-0.01381409	0.51241481	0.99738	0.02853	-0.06646	-0.02896	0.99956	-0.00558	0.06628	0.00749	0.99777
3.9	0.09947646	-0.01272713	0.53743873	0.99655	0.02683	-0.07852	-0.0274	0.99961	-6.18E-03	0.07832	8.31E-03	0.99689
4	0.10145724	-0.01067764	0.56661302	0.99701	0.03131	-0.07062	-0.03197	0.99946	-8.14E-03	0.07033	1.04E-02	0.99747
4.1	0.10990122	-0.00778462	0.60137574	0.99513	0.03052	-0.09376	-0.03199	0.99939	-0.01415	0.09327	0.01708	0.99549
4.2	0.11998924	-0.00116551	0.63970588	0.99245	0.02411	-0.12022	-0.0286	0.99895	-0.0358	0.11923	0.03896	0.9921
4.3	0.1244293	0.00571874	0.67629576	0.99233	0.02293	-1.21E-01	-0.02823	0.99871	-4.21E-02	1.20E-01	4.52E-02	0.9917
4.4	0.12596786	0.01243793	0.70845287	0.99272	0.02445	-0.11796	-0.02917	0.99884	-0.03844	0.11688	0.0416	0.99227
4.5	0.12812021	0.01710817	0.73682132	0.99171	0.02662	-0.12574	-0.03024	0.99918	-0.02692	0.12492	0.0305	0.9917
4.6	0.13117313	0.01608255	0.76389759	0.98898	0.0335	-0.14423	-0.03366	0.99943	0.00134	0.14419	0.00353	0.98954
4.7	0.13153816	0.01399209	0.78866654	0.98871	0.04387	-0.1433	-0.0425	0.99902	0.01259	0.14371	-0.00636	0.9896
4.8	0.12822278	0.01309028	0.80891881	0.99134	0.034	-0.12688	-0.03381	0.99942	0.00367	0.12693	0.00065	0.99191
4.9	0.12332797	0.01168538	0.82513306	0.99157	0.02584	-0.127	-0.02587	0.99966	0.00145	0.127	0.00185	0.9919
5	0.1209459	0.01199265	0.84146585	0.98773	0.02882	-0.1535	-0.02926	0.99957	-0.00062	0.15342	0.00511	0.98815
5.1	0.11553815	0.01341788	0.86162585	0.98607	0.02923	-0.16376	-0.0292	0.99957	0.00262	0.16377	0.0022	0.9865
5.2	0.10752265	0.0139409	0.88595206	0.98983	0.04048	-0.13635	-0.03918	0.99916	0.01214	0.13673	-0.00668	0.99059
5.3	0.10187104	0.01449137	0.91145677	0.99274	0.04357	-0.11213	-0.04143	0.99891	0.02141	0.11294	-0.0166	0.99346
5.4	0.09715451	0.01633609	0.94031676	0.99489	0.03948	-0.09288	-0.03738	0.99901	0.02417	0.09374	-0.02057	0.99538
5.5	0.09256557	0.01780914	0.96688427	0.99479	0.053	-0.08705	-0.05201	0.99855	0.01357	0.08764	-0.00897	0.99611
5.6	0.08616928	0.01262591	0.98538165	0.99596	0.05189	-0.07332	-0.05268	0.99857	-0.00889	0.07275	0.01272	0.99727
5.7	0.08618839	0.00554802	1.00188645	0.99733	0.04359	-0.05867	-0.04558	0.99842	-0.03299	0.05714	0.03557	0.99773
5.8	0.08866584	0.00083988	1.02008349	0.99882	0.03642	-0.032	-0.03759	0.99861	-0.03687	0.03061	0.03802	0.99881
5.9	0.08709999	-0.00401192	1.03404306	0.9995	0.03129	-0.00334	-0.03139	0.99877	-0.03846	0.00213	0.03855	0.99925
6	0.08266675	-0.00643914	1.03740797	0.99911	0.04132	0.00824	-0.041	0.99849	-0.03654	-0.00974	0.03617	0.9993
6.1	0.08084344	-0.01062469	1.03529736	0.99766	0.06799	-0.00684	-0.06815	0.99734	-0.0257	0.00508	0.02611	0.99965
6.2	0.08301474	-0.01614577	1.03008198	0.99648	0.07688	-0.03336	-0.07744	0.99687	-0.01566	0.03205	0.01819	0.99932
6.3	0.08773386	-0.01875177	1.02732629	0.99505	0.06323	-0.07666	-0.06398	0.99792	-0.00741	0.07603	0.01228	0.99703
6.4	0.0881007	-0.02001733	1.02573	0.99441	0.04986	-0.09308	-0.0514	0.99858	-0.01423	0.09224	0.01894	0.99556
6.5	0.08517253	-0.01930537	1.02887319	0.99557	0.05105	-0.07898	-0.05279	0.9984	-0.0202	0.07783	0.02428	0.99667
6.6	0.08612366	-0.01651494	1.04315402	0.99496	0.05615	-0.08308	-0.05917	0.99766	-0.03433	0.08095	0.03908	0.99595
6.7	0.09199234	-0.01538389	1.06735514	0.99399	0.06954	-0.08461	-0.07354	0.99627	-0.04515	0.08115	0.0511	0.99539
6.8	0.09493188	-0.01614338	1.09390442	0.99628	0.06626	-0.05502	-0.06888	0.9965	-0.04732	0.05169	0.05094	0.99736
6.9	0.09747896	-0.0174516	1.12561388	0.99718	0.05518	-0.05086	-0.05692	0.99782	-0.03328	0.04891	0.03608	0.99815
7	0.09933572	-0.01583149	1.15539527	0.9983	0.04483	-0.03721	-0.04604	0.99842	-0.03219	0.03571	0.03384	0.99879
7.1	0.10127517	-0.01219447	1.18463407	0.9984	0.04008	-0.03982	-0.04105	0.99888	-0.02364	0.03883	0.02523	0.99893
7.2	0.10415309	-0.01276947	1.2129027	0.99922	0.0254	-0.03025	-0.02553	0.99967	-0.00406	0.03014	0.00483	0.99953
7.3	0.11393154	-0.01329119	1.24175545	0.99889	-0.00367	-0.04686	0.00394	0.99998	0.00573	0.04684	-0.00591	0.99888
7.4	0.12566781	-0.01136316	1.26798174	0.99821	-0.01395	-0.05815	0.01421	0.99989	0.0041	0.05809	-0.00492	0.9983
7.5	0.13576722	-0.00592542	1.29302856	0.99782	-0.03728	-0.05446	0.03687	0.99928	-0.00847	0.05474	0.00644	0.99848
7.6	0.14248262	0.00101077	1.31362974	0.99761	-0.05899	-0.03588	0.05807	0.99798	-0.02594	0.03733	0.02379	0.99902
7.7	0.1484713	0.00588291	1.32967919	0.99754	-0.06521	-0.02573	0.06446	0.9975	-0.02892	0.02755	0.02719	0.99925
7.8	0.15776529	0.00816764	1.34400456	0.99737	-0.06739	-0.02657	0.06682	0.99753	-0.02181	0.02797	0.01998	0.99941
7.9	0.16985597	0.00862395	1.3571171	0.99657	-0.07103	-0.04257	0.07029	0.99735	-0.01862	0.04378	0.01557	0.99892
8	0.1817036	0.00723501	1.36676903	0.99604	-0.07737	-0.04368	0.07641	0.99681	-0.02325	0.04534	0.01982	0.99877
8.1	0.19733305	0.00454969	1.37763708	0.9958	-0.082	-0.04083	0.08071	0.99621	-0.03246	0.04333	0.02903	0.99864
8.2	0.21556839	0.00043026	1.38821925	0.9966	-0.07507	-0.03392	0.07383	0.9966	-0.03644	0.03654	0.03381	0.99876
8.3	0.2357909	-0.00325529	1.39359522	0.99801	-0.05998	-0.01936	0.05904	0.99718	-0.04629	0.02208	0.04506	0.99874
8.4	0.26359382	-0.0055247	1.4010904	0.99905	-0.03828	-0.02073	0.03697	0.99751	-0.05997	0.02298	0.05915	0.99798
8.5	0.29057542	-0.00621985	1.41223187	0.99967	-0.00951	-0.02371	0.0079	0.99772	-0.06709	0.0243	0.06688	0.99747
8.6	0.30589971	-0.00540273	1.42209444	0.99964	0.02603	0.00659	-0.02554	0.99751	-0.06576	-0.00829	0.06557	0.99781
8.7	0.31646317	0.00054268	1.42871595	0.99784	0.05087	0.04155	-0.04795	0.9965	-0.06847	-0.04489	0.06633	0.99679
8.8	0.33211118	0.00954328	1.43467798	0.99491	0.08463	0.05472	-0.08121	0.99477	-0.06187	-0.05967	0.05711	0.99658
8.9	0.35232052	0.0215873	1.44038833	0.99065	0.12293	0.05922	-0.11993	0.99143	-0.05182	-0.06508	0.04423	0.9969
9	0.37034009	0.03847044	1.44450188	0.98565	0.15457	0.06785	-0.15201	0.98751	-0.0415	-0.07342	0.03059	0.99683
9.1	0.38624774	0.05383631	1.44614717	0.97676	0.20292	0.06903	-0.20144	0.97911	-0.0278	-0.07323	0.01325	0.99723
9.2	0.40081028	0.06899888	1.44410276	0.96805	0.24021	0.07189	-0.23941	0.97072	-0.01971	-0.07452	0.00187	0.99722
9.3	0.41573315	0.08794435	1.44286792	0.95643	0.28114	0.07879	-0.28004	0.95966	-0.02497	-0.08263	0.00182	0.99658
9.4	0.43233794	0.10905415	1.44326803	0.93969	0.32996	0.09008	-0.32798	0.94398	-0.03632	-0.09701	0.00459	0.99527
9.5	0.4510909	0.13169116	1.44460996	0.91777	0.38579	0.09419	-0.38308	0.92257	-0.04604	-0.10466	0.00617	0.99449
9.6	0.46989054	0.15233268	1.44759256	0.88399	0.45695	0.09879	-0.45345	0.88948	-0.0567	-0.11378	0.00532	0.99349
9.7	0.48949579	0.17256415	1.45653957	0.84786	0.52264	0.08933	-0.51863	0.85251	-0.06516	-0.11021	0.00892	0.99387
9.8	0.50585927	0.19236353	1.46306119	0.80462	0.58845	0.07947	-0.58423	0.80846	-0.07119	-0.10614	0.01085	0.99429
9.9	0.51649585	0.21341109	1.46474986	0.75873	0.64716	0.07424	-0.64277	0.76229	-0.07589	-0.1057	0.00986	0.99435
10	0.52408638	0.23565106	1.46288229	0.70473	0.70644	0.06554	-0.70272	0.70775	-0.07259	-0.09766	0.0051	0.99521
10.1	0.52767393	0.25755701	1.45944592	0.65068	0.75706	0.05898	-0.75485	0.65331	-0.0582	-0.08259	-0.00665	0.99656
10.2	0.52371515	0.27913296	1.45557027	0.60255	0.79585	0.05963	-0.79462	0.60521	-0.04792	-0.07422	-0.01851	0.99707
10.3	0.51379048	0.30300933	1.45158695	0.5588	0.82647	0.06844	-0.82549	0.56224	-0.04958	-0.07945	-0.02879	0.99642
10.4	0.50458124	0.32849753	1.45002306	0.50365	0.86097	0.07115	-0.86094	0.50704	-0.04119	-0.07154	-0.04051	0.99661
10.5	0.49648814	0.35394578	1.45241786	0.45466	0.8875	0.07497	-0.88829	0.45799	-0.03459	-0.06503	-0.05087	0.99659
10.6	0.4832396	0.37971173	1.45481067	0.41999	0.90342	0.08625	-0.90454	0.42442	-0.04098	-0.07363	-0.0608	0.99543
10.7	0.46834285	0.40867602	1.45992953	0.38871	0.9169	0.09054	-0.91793	0.39386	-0.04773	-0.07942	-0.06455	0.99475
10.8	0.45478721	0.43916782	1.46776206	0.357	0.93139	0.07114	-0.93152	0.36064	-0.04702	-0.06945	-0.04948	0.99636
10.9	0.44231662	0.46488155	1.4731104	0.31435	0.94736	0.06082	-0.94757	0.317	-0.04024	-0.0574	-0.04498	0.99734
11	0.43112766	0.484287	1.47304534	0.26896	0.9606	0.0701	-0.96167	0.27186	-0.03572	-0.05337	-0.05781	0.9969
11.1	0.42241024	0.50062213	1.47044849	0.22521	0.97086	0.0819	-0.97279	0.22876	-0.03676	-0.05442	-0.07139	0.99596
11.2	0.41634216	0.51793919	1.47123934	0.18243	0.97984	0.08147	-0.98161	0.18624	-0.04184	-0.05617	-0.07234	0.9958
11.3	0.41245563	0.53433513	1.47799617	0.13397	0.98764	8.14E-02	-0.98939	0.13796	-0.04547	-0.05613	-0.07441	0.99565
11.4	0.41055099	0.54914805	1.48587517	0.07928	0.99309	0.08648	-0.99535	0.08363	-0.04789	-0.05479	-0.08228	0.9951
11.5	0.40933424	0.56543912	1.49473895	0.0309	0.99646	0.07813	-0.99775	0.03541	-0.05701	-0.05957	-0.07619	0.99531
11.6	0.4065208	0.58043881	1.50219363	-0.01719	0.99666	0.07984	-0.99763	-0.01178	-0.06784	-0.06667	-0.08081	0.9945
11.7	0.40278497	0.59254059	1.50341498	-0.0712	0.99316	0.09258	-0.99517	-0.06444	-0.07403	-0.06756	-0.0974	0.99295
11.8	0.39640869	0.60375563	1.49812134	-0.12134	0.98669	0.10823	-0.99041	-0.11309	-0.07943	-0.06613	-0.11683	0.99095
11.9	0.38653862	0.61516876	1.48981863	-0.17867	0.97673	0.11866	-0.9823	-0.17019	-0.07821	-0.05619	-0.13054	0.98985
12	0.37282501	0.63209925	1.48563988	-0.24151	0.96334	0.11679	-0.9695	-0.23435	-0.07177	-0.04177	-0.13056	0.99056
12.1	0.35207603	0.65567703	1.48383051	-0.29844	0.95013	0.0905	-0.95361	-0.2929	-0.06964	-0.03966	-0.10709	0.99346
12.2	0.32828977	0.6745112	1.47946206	-0.35449	0.93171	0.07907	-0.93438	-0.34974	-0.06802	-0.03572	-0.098	0.99455
12.3	0.30033867	0.68760126	1.47533354	-0.40517	0.91094	0.07757	-0.91373	-0.40066	-0.06756	-0.03047	-0.09826	0.99469
12.4	0.26907466	0.69830438	1.47253135	-0.46351	0.88113	0.09359	-0.88598	-0.45918	-0.06476	-0.01409	-0.11294	0.9935
12.5	0.23619981	0.71335177	1.47692506	-0.5213	0.84829	0.09296	-0.85336	-0.51874	-0.05185	0.00424	-0.10636	0.99432
12.6	0.20015476	0.73000246	1.48365155	-0.56056	0.82438	0.07859	-0.82811	-0.55843	-0.04896	0.00352	-0.09253	0.9957
12.7	0.16647606	0.74257112	1.48835027	-0.59401	0.80167	0.06697	-0.80446	-0.59182	-0.05091	-0.00117	-0.08412	0.99646
12.8	0.13822394	0.75028408	1.48991533	-0.61623	0.78395	0.0754	-0.78756	-0.61326	-0.06043	-0.00113	-0.09662	0.99532
12.9	0.1126749	0.75615463	1.49046461	-0.63914	0.76338	0.09356	-0.76908	-0.63507	-0.07211	0.00436	-0.11804	0.993
13	0.08773991	0.76559728	1.49057205	-0.66985	0.73532	0.10298	-0.74239	-0.66566	-0.07589	0.01274	-0.12728	0.99178
13.1	0.06058913	0.77967111	1.48928027	-0.70737	0.70102	0.09053	-0.70674	-0.70363	-0.07371	0.01203	-0.11613	0.99316
13.2	0.03342952	0.793743	1.4869557	-0.7553	0.6508	0.07739	-0.65526	-0.75212	-0.07033	0.01244	-0.10383	0.99452
13.3	0.01018234	0.80497048	1.48473035	-0.80394	0.58951	0.07844	-0.59429	-0.80132	-0.06866	0.02238	-0.10182	0.99455
13.4	-0.01174876	0.81195092	1.48305387	-0.84176	0.53358	0.08202	-0.53912	-0.83876	-0.07636	0.02805	-0.10849	0.9937
13.5	-0.02962162	0.81367319	1.4770573	-0.87651	0.4727	0.09108	-0.47982	-0.87312	-0.08618	0.03879	-0.11924	0.99211
13.6	-0.04475275	0.81233791	1.4649382	-0.90221	0.4162	0.11308	-0.42654	-0.89987	-0.09107	0.06385	-0.13039	0.9894
13.7	-0.06572752	0.81260928	1.4559254	-0.92557	0.35973	0.11799	-0.37072	-0.92441	-0.08969	0.07681	-0.12676	0.98896
13.8	-0.09280757	0.81459115	1.45163192	-0.94869	0.29811	0.10546	-0.30681	-0.94851	-0.07873	0.07656	-0.10704	0.9913
13.9	-0.12172301	0.81301492	1.44740759	-0.96453	0.24698	0.09313	-0.2537	-0.96483	-0.06884	0.07285	-0.09003	0.99327
14	-0.14957383	0.8046597	1.44218516	-0.97654	0.19177	0.09794	-0.19889	-0.97759	-0.06895	0.08252	-0.08681	0.9928
14.1	-0.18095357	0.79418406	1.43734666	-0.98506	0.13992	0.10039	-0.14686	-0.987	-0.06533	0.08994	-0.07909	0.9928
14.2	-0.21918554	0.78513663	1.43744979	-0.99135	0.09701	0.08839	-0.10227	-0.99312	-0.05705	0.08224	-0.06559	0.99445
14.3	-0.25830936	0.77489212	1.44003162	-0.99476	0.06335	0.08029	-0.06775	-0.99627	-0.05337	0.07661	-0.05853	0.99534
14.4	-0.29774943	0.7623664	1.44878773	-0.99709	0.04026	0.06481	-0.04432	-0.99707	-0.06237	0.06211	-0.06506	0.99595
14.5	-0.33308302	0.75019879	1.4628338	-0.99835	0.01831	0.05441	-0.02224	-0.99712	-0.07245	0.05293	-0.07354	0.99589
14.6	-0.36125103	0.73872263	1.47473093	-0.9979	-0.00713	0.06439	0.00203	-0.99688	-0.07891	0.06475	-0.07861	0.9948
14.7	-0.38504753	0.72955895	1.48280061	-0.99567	-0.04531	0.0812	0.03837	-0.99564	-0.08506	8.47E-02	-0.08158	0.99306
14.8	-0.40997591	0.72274912	1.48702738	-0.99214	-0.09083	0.08604	0.08366	-0.99298	-0.08359	0.09303	-0.07574	0.99278
14.9	-0.43650285	0.71784263	1.49038076	-0.98689	-0.14061	0.0792	0.13432	-0.98771	-0.07988	0.08946	-0.06819	0.99365
15	-0.45763808	0.71193002	1.49457712	-0.97694	-0.19507	0.08687	0.18799	-0.97862	-0.08341	0.10128	-0.06515	0.99272
15.1	-0.47689864	0.70260829	1.50192112	-0.9641	-0.25211	0.08333	0.24525	-0.96578	-0.08444	0.10177	-0.06097	0.99294
15.2	-0.493407	0.6914653	1.50586792	-0.94742	-0.30945	0.08143	0.30309	-0.94945	-0.0817	0.10259	-0.05272	0.99333
15.3	-0.50724626	0.67847716	1.50628762	-0.92626	-0.36495	0.09414	0.35899	-0.93036	-0.07455	0.11479	-0.03526	0.99276
15.4	-0.52446605	0.66179134	1.50626559	-0.90408	-0.41713	0.09295	0.41241	-0.90859	-0.06616	0.11206	-0.02148	0.99347
15.5	-0.54404649	0.64129862	1.50777004	-0.88383	-0.45925	0.08911	0.45541	-0.88821	-0.06069	0.10702	-0.01306	0.99417
15.6	-0.56070921	0.61679309	1.50978015	-0.86407	-0.49308	0.10125	0.48909	-0.86997	-0.06278	0.11904	-0.00472	0.99288
15.7	-0.57755385	0.59121737	1.51008909	-0.84091	-0.52635	0.12583	0.52298	-0.85015	-0.06114	0.13915	0.01439	0.99017
15.8	-0.60274306	0.56520949	1.51125255	-0.81607	-0.5634	0.1289	0.56242	-0.82549	-0.04735	0.13308	0.03386	0.99053
15.9	-0.63206713	0.53808746	1.51314438	-0.80507	-0.58159	0.11669	0.58161	-0.81261	-0.03743	0.11659	0.03774	0.99246
16	-0.65610594	0.51191291	1.50923549	-0.79994	-0.58832	0.1182	0.58825	-0.80773	-0.03924	0.11856	0.03814	0.99221
16.1	-0.67985835	0.48754755	1.49770914	-0.7867	-0.60706	0.11218	0.60671	-0.79386	-0.04113	0.11403	0.03571	0.99284
16.2	-0.70426524	0.46119021	1.48613103	-0.77831	-0.62076	0.09431	0.61907	-0.78376	-0.04983	0.10484	0.0196	0.9943
16.3	-0.72914603	0.43683442	1.48030647	-0.75984	-0.64406	0.08854	0.6419	-0.76483	-0.05478	0.103	0.01521	0.99456
16.4	-0.75559547	0.41389207	1.47964042	-0.73509	-0.67133	0.09463	0.66916	-0.74087	-0.05786	0.10895	0.02079	0.99383
16.5	-0.782417	0.38876179	1.48005364	-0.70823	-0.69836	0.10341	0.69478	-0.71547	-0.07341	0.12525	0.01985	0.99193
16.6	-0.80990952	0.3595821	1.48350699	-0.67517	-0.73204	0.09087	0.72606	-0.68126	-0.09344	0.13031	0.00289	0.99147
16.7	-0.83297835	0.33421453	1.48869862	-0.6298	-0.77161	0.08927	0.76495	-0.63608	-0.10125	0.13491	0.00452	0.99085
16.8	-0.85350079	0.30859539	1.4954518	-0.5859	-0.80585	0.08557	0.7998	-0.59202	-0.09912	0.13053	0.01037	0.99139
16.9	-0.87371642	0.28044712	1.50378809	-0.542	-0.83779	0.06588	0.83269	-0.54597	-0.09249	0.11346	0.00473	0.99353
17	-0.88874974	0.25593972	1.51132195	-0.50886	-0.85847	0.06397	0.85472	-0.51269	-0.08125	0.10255	0.01333	0.99464
17.1	-0.89317902	0.23828673	1.51874477	-0.4832	-0.8707	0.0917	0.86808	-0.49008	-0.07912	0.11383	0.04137	0.99264
17.2	-0.89201183	0.22208432	1.52477837	-0.45892	-0.8784	0.13346	0.87876	-0.47091	-0.07768	0.13108	0.08163	0.988
17.3	-0.89225401	0.19816497	1.52795646	-0.43539	-0.88709	0.15333	0.88992	-0.44982	-0.07547	0.13592	0.10359	0.98529
17.4	-0.8973231	0.15849654	1.53158125	-0.41634	-0.90026	0.12726	0.90126	-0.42711	-0.07286	0.11995	0.08435	0.98919
17.5	-0.90578093	0.11047242	1.53724894	-0.39454	-0.91574	0.07589	0.91405	-0.39958	-0.06957	0.09403	0.04192	0.99469
17.6	-0.91322288	0.07076833	1.54252905	-0.38755	-0.92011	0.0565	0.91844	-0.39066	-0.06212	0.07923	0.02782	0.99647
17.7	-0.91792628	0.0413217	1.54483432	-0.37466	-0.92483	0.0657	0.9238	-0.37839	-0.05839	0.07886	0.03882	0.99613
17.8	-0.91923947	0.01702302	1.5465552	-0.36321	-0.92855	0.0767	0.92744	-0.36819	-0.06557	0.08912	0.04732	0.9949
17.9	-0.92113617	-0.00599309	1.55138358	-0.3311	-0.93993	0.0831	0.93938	-0.33665	-0.06496	0.08904	0.05655	0.99442
18	-0.92550705	-0.02979291	1.56112128	-0.2799	-0.95673	0.07957	0.95661	-0.28493	-0.06094	0.08097	0.05906	0.99496
18.1	-0.9312185	-0.050814	1.57294872	-0.22619	-0.96901	0.09926	0.9705	-0.23292	-0.06233	0.08352	0.08223	0.99311
18.2	-0.93749327	-0.0701898	1.58402151	-0.17817	-0.9773	0.11461	0.98	-0.18673	-0.06879	0.08863	0.10006	0.99103
18.3	-0.94226659	-0.09354589	1.59595284	-0.11668	-0.9865	0.11488	0.98955	-0.12534	-0.07129	0.08472	0.10536	0.99082
18.4	-0.94302919	-0.11622524	1.6020779	-0.05647	-0.99154	0.11689	0.99539	-0.06501	-0.07057	0.07757	0.11236	0.99063
18.5	-0.93871291	-0.1385911	1.60037534	-0.01144	-0.99214	0.12462	0.9972	-0.02054	-0.07194	0.07394	0.12345	0.98959
18.6	-0.93120173	-0.16713116	1.59334558	0.03611	-0.99243	0.1174	0.99707	0.02784	-0.07127	0.06746	0.11963	0.99052
18.7	-0.92020321	-0.20181886	1.58337823	0.0822	-0.99162	0.09969	0.995	0.07597	-0.06477	0.05666	0.10451	0.99291
18.8	-0.90456391	-0.23589313	1.5755814	0.12874	-0.98648	0.1014	0.99064	0.12325	-0.05875	0.04546	0.10801	0.99311
18.9	-0.8866647	-0.27146964	1.57297357	0.17214	-0.97886	0.11045	0.9845	0.16714	-0.05312	0.03353	0.11788	0.99246
19	-0.86976324	-0.30990573	1.5776282	0.22066	-0.96997	0.10236	0.97511	0.21707	-0.04513	0.02156	0.10977	0.99372
19.1	-0.85576105	-0.34534545	1.57934173	0.2506	-0.96459	0.08225	0.96788	0.24789	-0.04189	0.02002	0.0901	0.99573
19.2	-0.84171147	-0.37381249	1.5750845	0.27239	-0.95885	0.08007	0.96183	0.26905	-0.05002	0.02642	0.09064	0.99553
19.3	-0.8276077	-0.40016211	1.57027352	0.289	-0.95459	0.07238	0.95644	0.28465	-0.06481	0.04126	8.80E-02	0.99527
19.4	-0.81774268	-0.42676277	1.5668741	0.31231	-0.94792	0.06254	0.94867	0.30774	-0.07295	0.0499	0.08211	0.99537
19.5	-0.81330543	-0.45625525	1.5654106	0.33729	-0.9394	0.06141	0.94052	0.33344	-0.0651	0.04068	0.07971	0.99599
19.6	-0.810019	-0.48783309	1.56508116	0.36555	-0.92807	0.07109	0.93034	0.36194	-0.0589	0.02893	0.08767	0.99573
19.7	-0.80686064	-0.51901741	1.56379004	0.40154	-0.9117	0.08703	0.91552	0.39704	-0.06474	0.02447	0.10567	0.9941
19.8	-0.8044204	-0.55032511	1.56296163	0.42496	-0.89973	0.09942	0.90485	0.41911	-0.07479	0.02562	0.12175	0.99223
19.9	-0.80197076	-0.58403936	1.56317251	0.45108	-0.8878	0.09128	0.89194	0.44486	-0.08093	0.03124	0.11792	0.99253
20	-0.79759309	-0.61488011	1.56326924	0.46327	-0.88211	0.0852	0.88555	0.45703	-0.08328	0.03453	0.11403	0.99288
20.1	-0.78795806	-0.64160849	1.56253326	0.48587	-0.87033	0.08037	0.87331	0.47966	-0.08521	0.03561	0.11159	0.99312
20.2	-0.7742096	-0.66851438	1.56054495	0.50975	-0.85812	0.06157	0.85961	0.50511	-0.077	0.03498	0.09217	0.99513
20.3	-0.7548684	-0.69263078	1.55809067	0.52716	-0.84864	0.04366	0.84911	0.52404	-0.06637	0.03345	0.07206	0.99684
20.4	-0.7293267	-0.70947911	1.55560259	0.54484	-0.83707	0.04955	0.83798	0.54136	-0.06872	0.0307	0.07897	0.9964
20.5	-0.70078491	-0.72348784	1.5545649	0.57007	-0.81881	0.06761	0.82141	0.56627	-0.06796	0.01736	0.09427	0.9954
20.6	-0.67227964	-0.73866917	1.5590858	0.59297	-0.80183	0.07394	0.80522	0.59018	-0.05741	0.0024	0.09359	0.99561
20.7	-0.6464496	-0.75459339	1.56995136	0.6079	-0.79056	0.07401	0.79397	0.60617	-0.04653	-0.00807	0.08705	0.99617
20.8	-0.62349274	-0.76964982	1.58313693	0.62906	-0.77393	0.07291	0.77722	0.6279	-0.04073	-0.01426	0.08229	0.99651
20.9	-0.60250363	-0.78357056	1.59486821	0.64325	-0.76157	0.07897	0.76556	0.64138	-0.05057	-0.01214	0.09298	0.99559
21	-0.58172147	-0.80216031	1.60529428	0.66019	-0.74743	0.07415	0.7511	0.65725	-0.0623	-0.00217	0.09682	0.9953
21.1	-0.56047424	-0.82855917	1.61503736	0.67992	-0.73086	0.05966	0.73327	0.67703	-0.06283	0.00553	0.08646	0.99624
21.2	-0.53947499	-0.8591215	1.62151402	0.70378	-0.7082	0.05612	0.7104	0.70087	-0.06414	0.00609	0.08501	0.99636
21.3	-0.5181493	-0.88878158	1.62238334	0.72744	-0.68204	0.07519	0.68617	0.72347	-0.07592	-0.00262	0.10682	0.99427
21.4	-0.49395269	-0.91689286	1.61779311	0.74565	-0.66003	0.09147	0.66631	0.73975	-0.09378	-0.00577	0.13088	0.99138
21.5	-0.46717059	-0.94349031	1.61230306	0.77866	-0.61935	0.10045	0.6273	0.77193	-0.10308	-0.0137	0.14328	0.98959
21.6	-0.44018851	-0.96953584	1.61021891	0.80671	-0.58168	0.10422	0.59038	0.80103	-0.09904	-0.02587	0.14143	0.98961
21.7	-0.40948208	-0.9929369	1.61069784	0.83221	-0.54484	0.10288	0.5533	0.82805	-0.09048	-0.03589	0.13222	0.99057
21.8	-0.37227971	-1.01305175	1.61019372	0.85132	-0.51696	0.08944	0.52377	0.84729	-0.08812	-0.03023	0.12186	0.99209
21.9	-0.33023909	-1.0301015	1.60824566	0.86325	-0.4982	0.08127	0.50412	0.85913	-0.08812	-0.02592	0.11704	0.99279
22	-0.28436129	-1.04422989	1.60667521	0.87363	-0.4794	0.08335	0.48557	0.86998	-0.08571	-0.03143	0.11535	0.99283
22.1	-0.23651927	-1.05844436	1.60893339	0.89039	-0.4504	0.06599	0.45465	0.88709	-0.07983	-0.02258	0.10108	0.99462
22.2	-0.19485072	-1.07025206	1.61240309	0.89903	-0.43361	0.06111	0.43732	0.89619	-0.07476	-0.02235	0.09394	0.99533
22.3	-0.1622903	-1.07893504	1.61538784	0.90834	-0.41128	0.07597	0.41657	0.90588	-0.07647	-0.03737	0.10111	0.99417
22.4	-0.13262752	-1.08748186	1.61634857	0.91564	-0.39276	0.08568	0.3994	0.91299	-0.08321	-0.04555	0.11041	0.99284
22.5	-0.10129225	-1.09951162	1.61684105	0.92486	-0.37142	0.08171	0.3779	0.92168	-0.08777	-0.04271	0.11205	0.99278
22.6	-0.0692709	-1.11675157	1.61904567	0.93928	-0.33575	0.07096	0.34111	0.93607	-0.08613	-0.0375	0.1051	0.99375
22.7	-0.03745568	-1.13684548	1.62252753	0.94967	-0.30612	0.0664	0.31109	0.94653	-0.08549	-0.03668	0.10184	0.99412
22.8	-0.00738863	-1.15539463	1.6239323	0.95979	-0.27247	0.06752	0.27803	0.9559	-0.09467	-0.03875	0.10964	0.99322
22.9	0.02163625	-1.17119502	1.62629293	0.96997	-0.23262	0.071	0.23904	0.96565	-0.10192	-0.04485	0.11583	0.99226
23	0.05163875	-1.18546887	1.63018876	0.97908	-0.19333	0.06339	0.19895	0.97496	-0.09934	-0.0426	0.10987	0.99303
23.1	0.08399537	-1.19570175	1.63225671	0.98546	-0.1612	0.0537	0.1658	0.98142	-0.09657	-0.03713	0.10406	0.99388
23.2	0.11707589	-1.20344696	1.63121017	0.99058	-0.12991	0.04326	0.13338	0.98693	-0.09042	-0.03095	0.09534	0.99496
23.3	0.15104615	-1.20825187	1.62897852	0.99424	-0.09938	0.04017	0.10242	0.9913	-0.08263	-0.03161	0.08626	0.99577
23.4	0.18874367	-1.20865758	1.62745246	0.99606	-0.07254	0.05108	0.07666	0.99351	-0.08397	-0.04465	0.08756	0.99516
23.5	0.23472941	-1.20820853	1.62774922	0.99748	-0.04727	0.05292	0.05162	0.99513	-0.08403	-0.04869	0.08655	0.99506
23.6	0.28218533	-1.20876072	1.6305089	0.99801	-0.02623	0.05735	0.03098	0.99601	-0.08367	-0.05493	0.08528	0.99484
23.7	0.3277919	-1.20956316	1.63691757	0.99789	-0.01496	0.06324	0.02027	0.99624	-0.0842	-0.06175	0.0853	0.99444
23.8	0.37297484	-1.21217151	1.64281128	0.9985	0.00277	0.0547	0.00195	0.9963	-0.08592	-0.05474	0.0859	0.9948
23.9	0.4130396	-1.21619111	1.64723662	0.99838	0.01567	0.05479	-0.01094	0.99627	-0.08563	-0.05592	0.0849	0.99482
24	0.45065043	-1.21832133	1.65012621	0.99768	0.03393	0.05909	-0.02819	0.99504	-0.09539	-0.06204	0.0935	0.99368
24.1	0.49148348	-1.22236564	1.6533609	0.99575	0.07414	0.05468	-0.06827	0.99239	-0.10244	-0.06186	0.09828	0.99323
24.2	0.53408712	-1.22977245	1.65476937	0.99093	0.1207	0.05899	-0.11421	0.98808	-0.10323	-0.07074	0.09556	0.99291
24.3	0.57466529	-1.23851281	1.65588726	0.98193	0.16858	0.08602	-0.15858	0.98095	-0.11223	-0.1033	0.09656	0.98995
24.4	0.61539829	-1.24459733	1.65952843	0.9732	0.20498	0.10428	-0.19161	0.97345	-0.12523	-0.12718	0.1019	0.98663
24.5	0.65614346	-1.24803105	1.66300081	0.96387	0.24528	0.10385	-0.23174	0.96445	-0.12705	-0.13132	0.09839	0.98645
24.6	0.69377855	-1.24843514	1.66515725	0.9562	0.27333	0.10477	-0.26051	0.95783	-0.12124	-0.13349	0.08864	0.98708
24.7	0.73009333	-1.24297646	1.66471556	0.94838	0.30205	0.09668	-0.29101	0.94998	-0.11337	-0.12609	0.07938	0.98884
24.8	0.76331123	-1.23074345	1.66280812	0.939	0.32867	0.10132	-0.31728	0.9415	-0.11365	-0.13275	0.07457	0.98834
24.9	0.79660549	-1.21467305	1.66075515	0.92939	0.35146	0.1127	-0.33954	0.93387	-0.11226	-0.14471	0.06607	0.98727
25	0.83171598	-1.19579074	1.6583039	0.91602	0.38055	0.12687	-0.3689	0.92338	-0.10618	-0.15756	0.05046	0.98622
25.1	0.8710251	-1.17164574	1.66049157	0.90406	0.40756	0.12871	-0.39695	0.91231	-0.10061	-0.15843	0.03987	0.98657
25.2	0.91347143	-1.14589426	1.6647962	0.89745	0.42407	0.12145	-0.41293	0.90447	-0.10684	-0.15515	0.04573	0.98683
25.3	0.95414568	-1.12504649	1.66810873	0.88291	0.45533	0.11466	-0.44531	0.88943	-0.10302	-0.14889	0.0399	0.98805
25.4	0.99246252	-1.10675392	1.67093266	0.87137	0.47934	0.10458	-0.47022	0.87678	-0.10075	-0.13999	0.03861	0.9894
25.5	1.02741352	-1.08859464	1.67317488	0.85738	0.50653	0.09127	-0.49734	0.861	-0.10643	-0.13249	0.04586	0.99012
25.6	1.06241286	-1.07340252	1.67478401	0.83181	0.54827	0.08655	-0.53929	0.8352	-0.10776	-0.13137	0.04296	0.9904
25.7	1.09826845	-1.06003234	1.67453591	0.80437	0.58691	0.09236	-0.5772	0.80879	-0.11266	-0.14082	0.03731	0.98933
25.8	1.13530775	-1.04541673	1.67442958	0.77721	0.6214	0.09905	-0.6096	0.78258	-0.12629	-0.15599	0.03778	0.98704
25.9	1.17497655	-1.0268474	1.68100713	0.73465	0.67373	0.0799	-0.66339	0.73802	-0.12346	-0.14215	0.03769	0.98913
26	1.20963592	-1.0091175	1.68351002	0.69324	0.71741	0.06885	-0.7087	0.69594	-0.11582	-0.131	0.0315	0.99088
26.1	1.23400692	-0.9912072	1.68154346	0.66984	0.73861	0.07595	-0.73041	0.67386	-0.11139	-0.13345	0.01914	0.99087
26.2	1.25342137	-0.96976389	1.68041951	0.63381	0.76995	0.07392	-0.76238	0.63799	-0.10837	-0.1306	0.01233	0.99136
26.3	1.27291661	-0.94230882	1.67846753	0.60186	0.79542	0.07124	-0.78847	0.60602	-0.10511	-0.12678	0.00709	0.99191
26.4	1.29192943	-0.90641935	1.67563459	0.5721	0.81777	0.06281	-0.81107	0.57547	-0.10491	-0.12194	0.00908	0.9925
26.5	1.30986323	-0.86482424	1.67253113	0.54681	0.83492	0.06251	-0.82828	0.55035	-0.10526	-0.12228	0.00578	0.99248
26.6	1.3272373	-0.81970628	1.66989278	0.51752	0.85293	0.06846	-0.84651	0.52202	-0.10451	-0.12488	-0.00386	0.99216
26.7	1.34324479	-0.77326557	1.66990807	0.49639	0.86553	0.06668	-0.85911	0.50083	-0.10539	-0.12461	-0.00496	0.99219
26.8	1.3587579	-0.72860259	1.67587874	0.47134	0.87915	0.07018	-0.87268	0.47641	-0.10702	-0.12752	-0.0108	0.99178
26.9	1.37597387	-0.68529369	1.68847967	0.43752	0.89645	0.07031	-0.89073	0.44278	-0.10268	-0.12318	-0.0177	0.99223
27	1.39350097	-0.64148677	1.70143416	0.41773	0.90671	0.05805	-0.90088	0.42165	-0.10306	-0.11793	-0.00924	0.99298
27.1	1.40974399	-0.60000541	1.71005587	0.39479	0.91696	0.05773	-0.91069	0.39886	-0.10753	-0.12162	-0.01012	0.99252
27.2	1.42642	-0.56394332	1.71949896	0.35068	0.93436	0.06323	-0.92791	0.35579	-0.11129	-0.12648	-0.01965	0.99177
27.3	1.44226661	-0.53243815	1.7315699	0.30585	0.947	0.0982	-0.94285	0.3156	-0.10694	-0.13227	-0.05988	0.9894
27.4	1.45309183	-0.49878754	1.74413124	0.26539	0.95725	0.11511	-0.95367	0.27818	-0.11462	-0.14174	-0.07936	0.98672
27.5	1.45764585	-0.46391687	1.75689244	0.21153	0.96976	0.12178	-0.96613	0.22631	-0.12399	-0.1478	-0.09143	0.98478
27.6	1.45800529	-0.43106256	1.76531181	0.17181	0.97565	0.13633	-0.97276	0.18988	-0.13296	-0.15561	-0.10978	0.9817
27.7	1.45496746	-0.40056467	1.76782066	0.13679	0.979	0.15116	-0.97895	0.15694	-0.1305	-0.15148	-0.13013	0.97986
27.8	1.4472876	-0.3691952	1.767573	0.10239	0.98047	0.1679	-0.98302	0.12557	-0.13379	-0.15226	-0.15135	0.97668
27.9	1.43635152	-0.33459113	1.7671661	0.09424	0.97853	0.18331	-0.98371	0.11984	-0.13398	-0.15307	-0.16769	0.97388
28	1.42591267	-0.29534079	1.77093014	0.08251	0.98041	0.17888	-0.98491	0.10762	-0.13555	-0.15215	-0.16499	0.97449
28.1	1.42082076	-0.25331804	1.77702512	0.06824	0.98504	0.15826	-0.98814	0.08861	-0.12545	-0.13759	-0.14783	0.9794
28.2	1.4197714	-0.21211102	1.78588249	0.07303	0.98701	0.14312	-0.98955	0.08959	-0.11294	-0.12429	-0.13338	0.98324
28.3	1.42108209	-0.1724327	1.79482349	0.05998	0.99072	0.12195	-0.99198	0.07277	-0.10332	-0.11124	-0.11477	0.98714
28.4	1.42225052	-0.1313127	1.80063162	0.04704	0.99557	0.08142	-0.99293	0.05549	-0.10489	-0.10894	-0.07591	0.99115
28.5	1.42459953	-0.08929904	1.80261492	0.04684	0.99808	0.04053	-0.99255	0.05108	-0.11065	-0.11251	-0.03505	0.99303
28.6	1.43005652	-0.04834733	1.80289251	0.04378	0.99889	0.01737	-0.99268	0.04545	-0.11187	-0.11253	-0.01235	0.99357
28.7	1.4391567	-0.00854793	1.80597958	0.03692	0.9991	0.02093	-0.99276	0.03906	-0.11357	-0.11429	-0.01659	0.99331
28.8	1.45055341	0.03333457	1.81110744	0.01584	0.99981	0.01149	-0.9936	0.01702	-0.11167	-0.11184	-0.00964	0.99368
28.9	1.46145955	0.07432819	1.81312875	-0.00214	0.99999	0.00236	-0.99433	-0.00188	-0.10631	-0.10631	-0.00257	0.99433
29	1.46997745	0.11226536	1.81310454	-0.01709	0.99984	-0.00585	-0.99509	-0.01758	-0.09741	-0.0975	0.00416	0.99523
29.1	1.47452809	0.14757434	1.81434798	-0.0235	0.99972	-0.00243	-0.99512	-0.02363	-0.0958	-0.09583	0.00017	0.9954
29.2	1.47607914	0.18092673	1.81448731	-0.02877	0.99938	0.02035	-0.99569	-0.02685	-0.08875	-0.08815	-0.02281	0.99585
29.3	1.47482145	0.21740485	1.81108356	-0.04276	0.99859	0.03145	-0.99546	-0.0399	-0.08638	-0.085	-0.035	0.99577
29.4	1.47175272	0.25897749	1.80476231	-0.04466	0.99818	0.04053	-0.99652	-0.04165	-0.07215	-0.07033	-0.04361	0.99657
29.5	1.46575815	0.30556521	1.79796325	-0.03038	0.99808	0.05395	-0.99734	-0.02669	-0.06788	-0.06631	-0.05586	0.99623
29.6	1.45936788	0.35575198	1.79122813	-0.02458	0.99867	0.04526	-0.99771	-0.02166	-0.06408	-0.06302	-0.04673	0.99692
29.7	1.4542365	0.40480228	1.78522919	-0.02509	0.99887	0.04043	-0.99779	-0.02254	-0.06246	-0.06148	-0.04191	0.99723
29.8	1.4486659	0.45640595	1.78231584	-0.03394	0.99914	0.02385	-0.99738	-0.03233	-0.06467	-0.06384	-0.02598	0.99762
29.9	1.44376293	0.51020666	1.78460875	-0.04714	0.99888	0.00365	-0.99651	-0.04677	-0.06916	-0.06891	-0.0069	0.9976
30	1.43956149	0.56314666	1.79194395	-0.06356	0.99786	-0.01529	-0.99502	-0.06454	-0.07594	-0.07677	0.01038	0.997
30.1	1.43732724	0.61395916	1.79987836	-0.10604	0.99398	-0.02765	-0.991	-0.10792	-0.07921	-0.08172	0.019	0.99647
30.2	1.43576921	0.66294253	1.80333937	-0.14363	0.98955	-0.01293	-0.98514	-0.14421	-0.09328	-0.09417	-0.00066	0.99556
30.3	1.43087855	0.71434401	1.80052951	-0.17134	0.98519	-0.00722	-0.97886	-0.17106	-0.11213	-0.1117	-0.01214	0.99367
30.4	1.42248767	0.76183936	1.79283905	-0.21819	0.97589	0.00606	-0.96866	-0.21581	-0.12296	-0.11869	-0.0327	0.99239
30.5	1.41277632	0.80718415	1.7807175	-0.26891	0.96283	0.02549	-0.95637	-0.26378	-0.12559	-0.1142	-0.05815	0.99175
30.6	1.39925699	0.85445927	1.77305649	-0.31487	0.94877	0.0264	-0.94313	-0.30964	-0.12097	-0.1066	-0.06299	0.99231
30.7	1.37861234	0.90491445	1.77049638	-0.35856	0.9335	0.00319	-0.92749	-0.35585	-0.1146	-0.10585	-0.04405	0.99341
30.8	1.35131815	0.95509815	1.76880695	-0.39469	0.91863	-0.01818	-0.91232	-0.39418	-0.11088	-0.10902	-0.02718	0.99367
30.9	1.32201248	1.00195422	1.77259264	-0.42376	0.90537	-0.02697	-0.89875	-0.42399	-0.11175	-0.11261	-0.02311	0.99337
31	1.296554	1.04324298	1.78007425	-0.45371	0.89104	-0.01412	-0.88453	-0.45221	-0.11452	-0.10843	-0.03947	0.99332
31.1	1.27577252	1.07990418	1.78214437	-0.46469	0.88547	-0.00144	-0.8803	-0.46214	-0.1072	-0.09558	-0.04855	0.99424
31.2	1.2558364	1.1149896	1.78333396	-0.49119	0.87095	0.01351	-0.86691	-0.48729	-0.10492	-0.08479	-0.06325	0.99439
31.3	1.2324273	1.15279919	1.78781286	-0.53589	0.84429	0.00025	-0.83984	-0.53304	-0.10262	-0.08651	-0.0552	0.99472
31.4	1.20858768	1.19323674	1.79032961	-0.58763	0.80892	-0.0182	-0.8046	-0.58657	-0.09244	-0.08545	-0.03968	0.99555
31.5	1.18480178	1.23310215	1.79307102	-0.64803	0.76098	-0.031	-0.75679	-0.64797	-0.08603	-0.08555	-0.03229	0.99581
31.6	1.15951022	1.27058747	1.79822063	-0.71406	0.6996	-0.02587	-0.69536	-0.71304	-0.08972	-0.08121	-0.04608	0.99563
31.7	1.1327968	1.30525822	1.80545344	-0.76567	0.64309	-0.01379	-0.63874	-0.76267	-0.10168	-0.0759	-0.06905	0.99472
31.8	1.10527047	1.33558386	1.80971747	-0.80862	0.58833	0.0019	-0.58506	-0.80377	-0.10795	-0.06199	-0.0884	0.99415
31.9	1.07538419	1.36054127	1.80965857	-0.84792	0.52999	0.01154	-0.52766	-0.8417	-0.11454	-0.05099	-0.10322	0.99335
32	1.04197139	1.38295394	1.80828914	-0.88003	0.47487	0.00743	-0.47253	-0.87391	-0.11404	-0.04766	-0.10387	0.99345
32.1	1.00205956	1.4055743	1.80626652	-0.9023	0.43102	-0.00828	-0.42768	-0.89739	-0.10852	-0.0542	-0.09438	0.99406
32.2	0.95795412	1.42441661	1.80472419	-0.92085	0.38977	-0.01066	-3.87E-01	-0.9164	-0.1034	-0.05007	-0.09109	0.99458
32.3	0.91163128	1.43868794	1.80408289	-0.93276	0.36049	-0.00023	-0.35856	-0.92784	-0.10273	-0.03724	-0.09574	0.99471
32.4	0.86595703	1.45067524	1.80404199	-0.9425	0.33361	0.0198	-0.3339	-0.93754	-0.09762	-0.014	-0.09862	0.99503
32.5	0.82002785	1.4624515	1.80602801	-0.95376	0.29962	0.02379	-0.30054	-0.94975	-0.08746	-0.00361	-0.09056	0.99588
32.6	0.77399954	1.47240287	1.80821975	-0.96336	0.26718	0.02343	-0.26821	-0.95936	-0.08772	-0.00096	-0.09079	0.99587
32.7	0.72895922	1.48659963	1.81252324	-0.9717	0.23542	0.01958	-0.23623	-0.96766	-0.08844	-0.00188	-0.09057	0.99589
32.8	0.68305523	1.50395378	1.81452857	-0.97539	0.21987	0.01674	-0.22048	-0.97127	-0.08958	-0.00344	-0.09106	0.99584
32.9	0.63640676	1.52510435	1.81252225	-0.9802	0.19794	0.00526	-0.19752	-0.97556	-0.09633	-0.01394	-0.09546	0.99534
33	0.59174885	1.55174786	1.80925932	-0.98426	0.17669	0.00184	-0.17601	-0.97944	-0.09861	-0.01562	-0.09738	0.99512
33.1	0.55039317	1.5816996	1.80876	-0.98696	0.16065	0.00979	-0.16079	-0.98156	-0.10337	-0.007	-0.10359	0.9946
33.2	0.5124283	1.61090758	1.81073917	-0.98985	0.13938	0.02792	-0.14164	-0.98366	-0.11109	0.01198	-0.11392	0.99342
33.3	0.47392789	1.63602125	1.81337911	-0.99302	0.11421	0.02941	-0.11686	-0.98651	-0.11463	0.01592	-0.11726	0.99297
33.4	0.43481156	1.65927586	1.81704651	-0.99619	0.08692	0.00738	-0.08721	-0.99051	-0.10622	-0.00192	-0.10646	0.99432
33.5	0.39746678	1.67970195	1.82062089	-0.9975	0.07037	-0.00626	-0.06941	-0.99266	-0.09907	-0.01319	-0.09839	0.99506
33.6	0.35802386	1.69749817	1.82529567	-0.99837	0.05433	-0.0172	-0.05243	-0.99393	-0.09673	-0.02235	-0.09567	0.99516
33.7	0.31478496	1.71261955	1.8268453	-0.99863	0.04767	-0.02141	-0.04541	-0.99436	-0.09585	-0.02586	-0.09474	0.99517
33.8	0.26856817	1.72386276	1.82558212	-0.99842	0.04995	-0.02579	-0.04725	-0.99424	-0.09624	-0.03044	-0.09487	0.99502
33.9	0.22277184	1.73038446	1.82721348	-0.99903	0.04048	-0.01711	-0.03861	-0.99443	-0.09806	-0.02098	-0.0973	0.99503
34	0.17817895	1.73359837	1.83692559	-0.99941	0.03197	-0.01276	-0.03046	-0.99403	-0.10479	-0.01603	-0.10434	0.99441
34.1	0.14114696	1.73701966	1.8435705	-0.99959	0.02846	-0.00126	-0.02816	-0.99387	-0.10688	-0.00429	-0.1068	0.99427
34.2	0.11033119	1.74003649	1.84657086	-0.99993	-0.00055	0.01147	-0.00072	-0.99382	-0.11102	0.01146	-0.11102	0.99375
34.3	0.07901804	1.74448006	1.84826335	-0.99893	-0.04437	0.01306	0.04268	-0.99305	-0.10972	0.01784	-0.10905	0.99388
34.4	0.04185878	1.75078892	1.84865554	-0.9971	-0.0761	0.00238	0.0754	-0.99121	-0.10868	0.01063	-0.10819	0.99407
34.5	-0.00092688	1.76018277	1.84854629	-0.99476	-0.09975	-0.02225	0.10157	-0.98912	-0.10638	-0.0114	-0.10808	0.99408
34.6	-0.04473999	1.77316007	1.84988858	-0.99136	-0.12641	-0.03496	0.1294	-0.98614	-0.10386	-0.02135	-0.10748	0.99398
34.7	-0.08619129	1.78816	1.85279147	-0.98843	-0.14814	-0.03253	0.1508	-0.98286	-0.10609	-0.01626	-0.10976	0.99382
34.8	-0.12271748	1.80212351	1.85388427	-0.98361	-0.1791	-0.02078	0.1803	-0.97727	-0.11152	-0.00033	-0.11344	0.99354
34.9	-0.15644782	1.81201087	1.85485895	-0.97609	-0.21695	-0.01333	0.21709	-0.96999	-0.10949	0.01082	-0.10977	0.9939
35	-0.19112072	1.8166606	1.85751614	-0.97173	-0.23543	-0.01781	0.23589	-0.96489	-0.11555	0.01002	-0.11648	0.99314
35.1	-0.22597884	1.81893172	1.86044035	-0.96816	-0.24946	-0.02108	0.25024	-0.96181	-0.11091	0.00739	-0.11265	0.99361
35.2	-0.25957855	1.81785049	1.86372255	-0.96305	-0.2686	-0.01989	0.26914	-0.95681	-0.10987	0.01048	-0.11116	0.99375
35.3	-0.29333517	1.81430448	1.86775991	-0.96068	-0.27754	-0.00836	0.27684	-0.95511	-0.1055	0.0213	-0.10366	0.99438
35.4	-0.32789644	1.80561758	1.8676272	-0.95879	-0.28409	0.00313	0.2821	-0.95325	-0.1083	0.03375	-0.10295	0.99411
35.5	-0.36679775	1.79242121	1.8663591	-0.95478	-0.29731	0.00303	0.29526	-0.94929	-0.10804	0.035	-0.10226	0.99414
